0 0 0 0 0 0 0 0 
0 0 0 0 0 0 1.37891 0 
0.257568 0 0 0 0 0 1.14941 0.654785 
2.55664 0 0 0 0 0 0 1.00391 
0.439453 0 0 0 0 0 0 0 
0 1.84668 0 0 0 0 0 0 
0 2.49219 0 0 0 0 0 0 
0 2.25391 0 0 0 0 0 0 
0 1.13574 0 0.310303 0 0 0 0 
0 0 0 0 0 0 0 0 
0 0 0 0.374023 0 0 0 0.586426 
0 0 4.82812 0 0 0 0 0 
0 0 9.73438 1.75684 0 0 0.389893 0 
0 0 10.4688 9.14844 0 0 1.49414 0 
0 0 8.39062 13.9453 0 0 1.02344 0 
4.67188 0 7.89062 13.7188 0 0 0.474365 0 
10.4453 0 6.4375 9.61719 0 0 0 0 
12.3984 0 2.70898 8.03125 4.08203 0 0 0 
11.4688 0 0 7.13281 7.13281 0 0 0 
7.64453 2.13867 0 8.20312 7.87109 0 0 0 
1.3418 4.45703 0 7.60156 3.52539 0 0 0.601562 
0 4.14062 0 8.5625 0 0 0 1.98438 
0 3.04297 0 14.4453 0 0 0 5.64453 
0 2.0293 0 17.6875 0 0 0.37793 8.86719 
0 1.0459 0 11.9688 0 0 1.7168 6.74609 
0 2.32812 0 1.87695 0 0 3.33594 4.50391 
9.35938 2.41797 0 0 0 0 11.1328 3.38086 
10.0469 0.499756 0 0 0 0 21.4375 0.973633 
2.68945 0 0 0 0 0 25.9844 0 
0 0 0 0 0 0 22.625 0 
0 0 0 0 0 0 10.7656 1.63477 
0 0 0 0 0 0 3.20312 5.64453 
0 0 0 0 0 0 0 6.20703 
0 5.52344 0 0 2.87305 0 0 3.13477 
0 5.48438 0 0 0.575684 0 0 2.32227 
0 5.54297 0 0 0 0 0 0 
0 8.57812 0 0 0 0 0 0 
0 11.9844 0 0 0 0 0 0 
0 12.8203 0 0 0 0 0 0 
0.729004 10.0703 0 0 0 0 0 0.419189 
9.70312 3.15234 0 0 0 0 0.601074 3.05469 
6.80078 0 0 0 0 0 3.76367 6.09375 
0 0 0 0 0 0 2.58594 0 
0 0 0 0 0 0 2.68164 0 
0.0341492 0 0 0 0 0 0.878418 0 
0 0 0 0 0 0 0 0 
0 0 0 0 0 0 0 0 
0 0 0 0 0 0 0 0 
0 0 0 0 0 0 0 0 
0 0 0 0.41626 0 0 0 0 
0 0 0 1.42578 0 0 0 0 
0 0 0 0.211548 0 0 0.00990295 0 
0 0 2.52539 3.37305 0 0 0 0 
0 0 7.98828 4.71484 0 0 0 0 
0 0 8.69531 8.80469 0 0 0 0 
0 0 2.10156 15.75 0 0 0 0 
0 0 0 12.4297 0 0 0 0 
0 0 0 4.33203 0 0 0 0 
11.0781 0 0 0 2.52734 0 0 0 
19.8906 0 0 2.28711 4.73047 0 0 0 
22.625 0 0 3.98828 4.50781 0 0 0 
17.7344 1.16504 0 1.99707 1.21484 0 0 0 
8.47656 4.13281 0 0 0 0 0 5.56641 
1.42383 3.4668 1.11328 3.31641 0 0 0 9.98438 
0 1.18555 0 11.9297 0 0 0 14.9297 
0 0 0 13.0391 0 0 0 16.8438 
0 0 0 5.92969 0 0 0 13.2188 
0.902832 0.385498 0 1.48926 1.07227 0 0 9.49219 
11.7969 0.653809 0 2.0957 0.541992 0 4.86719 6.66797 
11.0781 0 0 0 0 0 13.6172 2.66016 
1.33301 0 0 0 0 0 18.1719 0 
0 0 0 0 0 0 16.4688 0 
0 0 0 0 0 0 7.80469 2.16992 
0 0 0 0 0 0 0.727539 5.71875 
0 0 0 0 0 0 0 4.125 
0 1.37402 0 0 0 0 0 2.43164 
0 0 0 0 0 0 0 2.70117 
0 0 0 0 0 0 0 0 
0 0 0 0 0 0 0 0 
0 3.66016 0 0 0 0 0 0.15332 
0 7.70312 0 0 0 0 0 2.89844 
0 8.61719 0 0 0 0 1.98242 3.50391 
0 6.5 0 0 0 0 3.18555 4.91797 
0.911133 3.13867 0 0 0 0 5.08984 6.57031 
0 0 0 0 0 0 1.74121 0 
0 0 0 0 0 0 0.371826 0 
0 0 0 0 0 0 0 0 
0 0 0 0 0 0 0 0 
0 0 0 0 0 0 0 0 
0 0 0 0 0 0 0 0 
0 0 0 0 0 0 1.33691 0 
0 0 0 1.05859 0 0 2.34961 0 
0 0 0 2.41406 0 0 3.98242 0 
0 0 0 0.804199 0 0 4.09766 0 
0 0 1.5332 1.34766 0 0 0 0 
0 0 3.85352 0.557617 0 0 0 0 
0 0 0 2.23047 0 0 0 0 
0 0 0 2.61133 0 0 0 0 
0 0 0 0 0 0 0 0 
0 0 0 0 0 0 0 0 
0 0 0 0 0 0 0 0 
0 0 0 0 0 0 0 0 
4.98047 0 0 0 0 1.9375 0 0 
9.6875 0 0 0 0 0 0 0 
6.87109 1.85156 2.1582 0 0 0 0 0 
1.69727 1.67773 1.20996 0.712891 0 0 0 0 
0 0.117126 0 8.71875 0 0 0 10.9453 
0 0 0 9.33594 1.03125 0 0 14.8672 
0 0 0 4.83984 2.47852 0 0 11.4297 
3.30273 0 0 6.70703 2.74414 0 0 5.91406 
11.4141 0.653809 0 9.27344 1.98926 0 0 2.79297 
7.16797 0 0 6.41016 1.79297 0 0 2.20898 
0 0 0 5.29297 0 0 0.866211 0 
0 0 0 4.39062 0 0 0 0 
0 0 0 1.05859 0 0 0 3.74609 
0 0 0 0 0 0 0 2.04883 
0 0 0 0 0 3.62891 0 2.24219 
0 0 0 0 0 5.42188 0 3.76172 
0 0 0 0 0 3.83008 0 4.63672 
1.60645 0 0 0 0 6.06641 0 3.72266 
5.53906 0 0 0 0 10.5859 0 4.79688 
4.55859 0 0 0 0 5.05469 0 6.87109 
2.16016 2.06445 0 0 0 0 0 8.70312 
1.55664 2.07031 0 0 0 0 1.84961 5.66797 
0 0.00285149 0 0 0 0 2.19336 3.8457 
0 0 0 0 0 0 2.16406 4.98828 
0 0 0 0 0 0 0 0 
0 0 0.580078 0 0 0 0 0 
0 0 0 2.43555 0 0 0 0 
0 0 0 2.88672 0 0 0 0 
0 0 0 0 0 0 0.848145 0 
0 0 0 0 0 0 1.85547 0 
0 0 0 0 0 0 3.00391 0 
0 0 0 0 0 0 2.45312 0 
0 0 0 0 0 0 1.62012 0 
0 0 0 0 0 0 0 0 
0 0 0 0 0 0 0 0 
0 0 0 0 0 0 0 0 
0 0 0 0 0 0 0 0 
0 0 0 0 0 0 0 0 
0 0 0 0 0 0 0 0 
0 0 0 0 0 0 0 0 
0 0 0 0 0 0 0 0 
0 0 0 0 0 0 0.884277 0 
0 0 0 0 0 4.86719 0.118469 0 
0 0 0 0 0 5.01172 0 0 
0.0672607 0 0 0 0 0 0 0 
0 0 0 1.81348 0 0 0 0 
0 0 0 7.20703 0 0 0 2.12109 
0 0 0 8.10938 0.0118027 0 0 7.82031 
0 0 0 3.31641 0 0 0 6.55859 
0 0 0 4.61719 0 0 0 3.02539 
0 0 0 7.34375 0 0 0 0 
0 0 0 5.59766 0 0 0 0 
0 0 0 4.72266 0 0 0 0 
0 0 0 2.10352 0 0 0 0 
0 0 0 0 0 0.640137 0 0 
0 0 0 0 0 3.91797 0 0 
0 0 0 2.80859 0 2.72656 0 0 
0 0 0 3.45117 0 0 0 1.47852 
3.71094 0 0 0 0 0 0 2.99023 
8.16406 0 0 0 0 0 0 4.78906 
11.0938 0 0 0 0 0 0 7.92969 
10.5078 0 0 0 0 0 0 9.92188 
8.20312 0.986816 0 0 0 0 0 11.0547 
8.44531 0 0 0 0 0 0 5.35156 
7.01172 0 0 0 0 0 0 0.449707 
5.28516 0 0 0 0 0 0 0 
0 0 0 0 0 0 0 0 
0 0 0 0 0 0 0.691406 0 
0 0 0 3.08398 0 0 1.40918 0 
0 0 0 2.90039 0 0 2.53125 0 
0 0 0 0 0 0 3.25781 0.685059 
0 0 0 0 0 0 3.00195 0 
0 0 2.30664 0 0 0 1.99414 0 
0 0 2.46484 0 0 0 0 0 
0.32373 0 1.1748 0 0 0 0 0 
1.99512 0 0 0 0 0 0 0 
0 0 0 0 0 0 0 0 
0 0 0 0 0 0 0 0 
0 0 0 0 0 0 0 0 
0 0 0 0 0 0 0 0 
0 0 0 0 0 0 0 0 
0 0 0 0 0 3.54883 0 1.71777 
0 0 0 0 0 3.89453 0 0 
0 0 7.05859 0 0 6.73438 0 0 
0 0 6.92578 0 0 12.2578 0 0 
0.59668 0 0 0 0.650879 13.7422 0 0 
0 0 0 0 3.64062 8.83594 0 0 
0 0 0 0 3.73047 4.36719 0 0 
0 0 0 0 1.23535 5.05469 0 3.3125 
0 0 0 0 0 5.96875 0 4.75 
0 0 0 0 0 3.70117 0 2.93359 
0 0 0 0 0 0.406494 0 0.328125 
0 0 8.25 0 0 0 0 0 
0 0 10.3359 0 0 0.156616 0 0 
0 0 6.24219 0 0 1.17969 0 0 
0 0 1.64258 0 0 2.86328 0 0 
0 0 0.571289 0 5.30859 5.09375 0 0 
0 0 1.05176 0 4.39062 6.09766 0 0 
0 0 0.991211 0 0 3.22656 0 0 
2.42578 0 0 1.96191 0 0 0 0 
8.46875 0 0 0 0 0 0 0 
12.8047 0 0 0 0 0 0 0 
16.7969 0 0 1.10742 0 0 0 5.42188 
19.6406 0 0 0 0 0 0 7.81641 
15.5234 0 0 0 0 0 0 9.47656 
12.3594 0 0 0 0 0 0 4.07812 
12.9219 0 0 0 0 0 0 0 
12.6172 0 0 0 0 0 0 2.52344 
0 0 0 0 0 0 1.25195 0 
0 0 0 0 0 0 2.53125 0 
0 0 0 0.705566 0 0 2.36914 0 
0 0 0 0 0 0 1.88574 0 
0 0 0 0 0 0 1.30664 0 
0 0 3.34766 0 0 0 0 0 
0 0 6.51562 0 0 0 0 0 
0 0 4.82812 0 0 0 0 0 
0.489258 0 2.01367 0 0 0 0 0 
0 0 0.107971 0 0 0 0 0 
0 0 0 0 0 0 0 0 
0 0 0 0 0 0 0 0 
0 0 0 0 0 0 0 0 
0 0 0 0 0 2.87891 0 0 
0 0 0 0 0 6.58984 0 0 
0 0 0 0 0 8.625 0 0 
0 0 13.5156 0 0 9.6875 0 0 
0 0 21.3281 0 0 14.1562 0 0 
0.993652 0 20.8594 0 0 17.5781 0 0 
4.18359 0 13.7031 0 4.34766 14.8828 0 0 
1.3252 0 1.18359 0 9.86719 9.14844 0 0 
0 0 0 0 9.40625 6.54688 0 0 
0 0 0 0 6.88672 8.29688 0 1.27734 
0 0 0 0 3.8457 7.71094 0 0.578613 
0 0 0 0 0 1.49414 0 0 
0 0.713379 0.632324 0 0 0 0 0 
0 2.09961 10.3984 0 0 0 0 0 
0 1.18555 9.32031 0 0 1.58301 0 0 
0 0 1.82129 0 0 2.77539 0 0 
0 0 0.588867 0 1.15332 2.13867 0 0 
0 0 2.4082 0 6.1875 2.81445 0 0 
0.836914 0 4.34766 0 0.317627 3.04102 0 0 
1.25 0 4.375 0 0 3.12891 0 0 
0 0 1.16602 0.40918 0 0 0 0 
1.25879 0 0 0 0 0 0 0 
4.20312 0 0 0 0 0 0 0 
12.125 0 0 0 0 0 0 0 
19.5312 0 0 2.70312 0 0 0 0 
18.1562 0 0 4.18359 0 0 0 0.525391 
14.0312 0 0 2.4707 0 0 0 0 
13.7891 0 0 0 0 0 0 0 
11.9609 0 0 0 0 0 0 4.10547 
0 0 0 0 0 0 0 0 
0 0 0 0 0 0 0.414062 0 
0 0 0 0.86084 0 0 0 0 
0 0 0 0 0 0 0 0 
0 0 0 0 0 0 0 0 
0 0 1.48047 0 0 0 0 0 
0 0 4.53125 0 0 0 0 1.08008 
0 0 0 0 0 0 0 0 
0 0 0 0 0 0 0 0 
0 0 0 0 0 0 0 0 
0 0 0 0 0 0 0 0 
0 0 0 0 0 0 0 0 
0 0 0 0 0 0 0 0 
0 0 0 0 0 0 0 0 
0 0 0 0 0 0 0 0 
0 0 1.66406 0 0 0 0 0 
0 0 13.2891 0 0 0 0 0 
0 0 18.7344 0 0 0 0 0 
0 0 21.0781 0 0 0.350098 0 0 
0 0 17.0312 0 0 0 0 0 
0 0 7.3125 0 1.03809 0 0 0 
0 0 0.466553 0 3.85938 0 0 0 
0 0 0 0 5.32422 1.98535 0 0 
0 0 0 0 4.08203 4.40625 0 0 
0 0.921875 1.43652 0 0 0 0 0 
0 0.89209 10.4375 0 0 0 0 0 
0 0 16.125 0 0 0 0 0 
0 0 7.14453 0 2.75 0 0 0 
0 0 0 0 5.20312 0.80127 0 0 
0 0 0 0 8.07031 0.0438538 0 0 
2.33398 0 2.73438 0 9.375 0.14856 0 0 
6.12891 0 6.32422 0 0 0.333984 0 0 
6.35938 0 6.25391 0 0 1.15527 0 0 
2.58984 0 2.49414 0 0 0 0 0 
0 0 0 0 0 0 0 0 
0 0 0 0 0 0 1.92188 0 
3.88477 0 3.49219 0 0 0 7.72266 0 
17.7344 0 7.80469 0.536133 0 0 7.84766 0 
19.9062 0 6.09375 3.50781 0 0 0.77002 0 
15.2031 0 6.37891 3.5293 0 0 0 0 
15.0312 0 10.0703 2.85156 0 0 0 0 
9.40625 0 11.7188 0 0 0 0 6.57031 
1.68848 0 0 0 0 0 0.420166 0 
1.87109 0 0 0 0 0 0.311523 0 
0.952637 0 0 0.677246 0 0 0 0 
0 0 0 0 0 0 0 0 
0 0 0 0 0 0 0 0 
0 0 0 0 0 0 0 0 
0 0 0 0 0 0 0 0 
0 0 0 0 0 0 0 0 
0 0 0 0 0 0 0 0 
0 0 0 0 0 0 0 0 
0 0 0 0 0 0 0 0 
0 0 0 0 0 0 0 0 
0 0 0 0 0 0 0 0 
0 0 0 0 0 0 0 0 
0 0 4.53125 0 0 0 0 0 
0 0 13.1719 0 0 0 0 0 
0 0 21.8906 0 0 0 0 0 
0 0 23.6719 0 2.69727 0 0 0 
0 0 19.5625 0 2.52734 0 0 0 
0 0 16.1094 0 0 0 0 0 
0 0.479736 12.3203 0 1.56836 0 0 0 
0 1.62793 9.67969 0 4.84766 0 0 0 
0 0.415283 8.22656 0 5.88672 0 0 0 
0 0 10.2891 0 5.63281 5.26562 0 0 
0 0 13.6875 0 2.94141 0 0 0 
0 0 20.7344 0 3.00977 0 0 0 
0 0 23.1719 0 2.86719 0 0 0 
0 0 13.6172 0 7.85547 0 0 0 
0 0 0 0 10.0078 2.59766 0 0 
0 0 0 0 9.84375 0 0 0 
0.108643 0 6.45703 0 5.55469 0 0 0 
2.4668 0 7.91016 0 0 0 0.570801 0 
1.27539 0 3.55273 0 0 0 1.3916 0 
0.638184 0 0 0 0 1.27637 0.118469 0 
1.03516 0 0 0 0 0 0 0 
2.13477 0 0 0 0 0 0 0 
10.8203 0 3.63477 0 0 1.29297 0 2.22266 
24.0312 0 11.9297 1.20703 0 0 0 3.95117 
24.4844 0.0922852 10.5781 4.67188 0 0 0 0 
17.6875 2.81055 11.5859 6.26172 0 0 0 0 
12.5469 4.9375 16.3594 7.66016 0 0 0 0 
2.94727 4.82812 15.5859 4.87109 0 0 0 9.59375 
0 0 0 0 0 0 0.263184 0 
0 0 0 0 0 0 0 0 
0 0 0 0 0 0 0 0 
0 0 0 0 0 0 0 0 
0 0 0 0 0 0 0 0 
0 0 0 0 0 0 0 0 
0 0 0 0 0 0 0 0 
0 0 0 0 0 0 0 0 
0 0 0 0 0 0 0 0 
0 0 0 0 0 0 0 0 
0 0 0 0 0 0 0 0 
0 0 0 0 0 0 0 2.70898 
0 0 0 0 0 0 1.40918 0 
0 0 0 0 0 0 2.91797 0 
0 0 0 0 0 0 4.44141 0 
0 2.91992 6.22266 0 0 0 5.65625 0 
0 11.125 16.1719 0 0 0 4.84375 0 
0 14.3984 21.1719 0 0 0 1.19824 0 
0 10.7969 20.5 0 0 0 0 0 
0 5.70703 18.9844 0 0 0 0 0 
0 2.37695 16.1094 0.126953 0 0 0.160645 0 
0 0 11.1328 1.6582 5.53906 0 0.818359 0 
0 0 6.01953 0.282227 5.67578 0 0.37793 0 
0 0 4.19922 0 2.92773 0 0 0 
0 0.380371 1.41113 0 0 0 0 0 
0 4.05859 2.07422 0 0 0 0 0 
0 6.44922 2.23242 0 0 0 0 0 
0 9.15625 0 0 0.929199 0 0 0 
0 8.53906 0 0 0.351562 0.164673 2.02539 0 
0 5.34766 0 0 0 0 3.60742 0 
0 2.25391 2.08008 0 0 0 4.55859 0 
0 0.544434 0.606445 0 0 0 5.21094 0 
0 0 0 0 0 2.27539 5.10938 0 
0 0 0 0 0 2.41211 1.57812 0 
0 0 0 0 0 0 0 0 
0 0 0 0 0 0 0 0.616699 
0 0 0 0 0 0 0 4.93359 
7.84766 0 9.99219 1.72852 0 0 0 5.46484 
8.09375 0 6.70703 8.72656 0 0 0 0 
5.62109 0 5.30469 11.8359 0 0 0 0 
4.41016 0 9.58594 11.8906 0 0 0 0 
0 0 9.4375 5.62109 0 0 0 0 
0 0 0 0 0 0 0 0 
0 0 0 0 0 0 0 0 
0 0 0 0 0 0 0 0 
0 0 0 0 0 0 0 0 
0 0 0 0 0 0 0 0 
0 0 0 0 0 0 0 0 
0 0 0 0 0 0 0 0 
2.9043 0 1.60742 0 0 0 0 0 
1.63965 0 3.84961 0 0 0 0 0 
4.60156 0 0.177979 0 0 0 0 0 
1.57324 0 0 0 0 0 0 8.07031 
2.54102 0 0 0 0 0 6.43359 14.0391 
1.44922 0 0 0 0 0 16.7969 9.83594 
0 0 0 0 0 0 20.125 5.33984 
0 0 0 0 0 0 19.4062 0 
0 5.19141 0 0 0 0 18.7031 0 
0 17.1719 2.96289 0 0 0 16.3281 0 
0 22.25 9.92188 0 0 0 11.0078 0 
0 18.9688 12.2266 0 0 0 7.69922 0 
0 13.3672 11.7109 0 0 0 7.28906 0 
0 8.99219 8.27344 2.9707 0 0 6.75 0 
0 4.98438 0.335205 6.80859 0 0 7.78906 0 
0 1.69238 0 6.85156 1.77246 0 8.57031 0 
0 1.38867 0 3.03516 0 0 7.09375 0 
0 3.96484 0 0 0 0 1.17383 0 
0 7.34375 2.05273 0 0 0 0 0 
0 10.1875 6.25781 0 0 0 0 0 
0 12.4062 7.75391 0 0 0 0 0 
0 10.7109 7.49219 0 0 0 2.98438 0 
0 7.10938 5.08203 0 0 0 5.19531 0 
0 3.75391 1.39355 0 0 0 5.51172 0 
0 2.52148 0 0 0 4.07812 5.48828 0 
0 2.80469 0 0 0 10.75 4.87891 0 
0 3.87109 0 0 0 9.32812 0.655273 2.00586 
0 4.60547 0 0 0 0 0 5.08203 
0 4.33594 0 0 0 0 0 4.96094 
3.22852 3.53516 0 0.289307 0 0 0 7.59375 
6.8125 1.78125 11.5156 7.32031 0 0 0 8.125 
6.08203 0 8.57031 14.2891 0 0 0 5.80078 
4.70312 0 4.41797 15.8828 0 0 0 1.38379 
2.98828 0 5.28906 12.0234 0 0 0 0 
0 0 4.29297 0.776367 2.97461 0 0 0.753418 
0 0 0 0 0 0 0.534668 0 
0 0 0 0 0 0 0 0 
0 0 0 0 0 0 0 0 
0 0 0 0 0 0 0 0 
0 0 0 0 0 0 0 0 
0 0 0 0 0 0 0 0 
4.62891 0 0.134155 0 0 0 0 0 
3.5957 0 3.98633 0 0 0 0 0 
6.26953 0 4.76172 0 0 0 0 0 
5.14844 0 0 0 0 0 0 5.55859 
0 0 0 0 0 0 0 14.0547 
0 0 0 0 0 0 7.48438 14.0469 
0 0 0 0 0 0 15.5391 11.8203 
0 0 0 3.57812 0 0 13.3984 5.5 
0 0 0 10.6797 0 0 8.04688 0 
0 8.76562 0 4.93359 0 0 5.80078 0 
0 19.5312 0 0 0 0 2.61523 0 
0 22.5469 0 0 0 0 0 0 
4.28516 18.0469 0 0 0 0 0 0 
0.820312 12.0469 0 3.61328 0 0 0 0 
0 7.64453 0 9.0625 0 0 0 0 
0 4.18359 0 12.4766 0 0 1.94629 0 
0 1.90625 0 10.4453 0 0 5.98438 0 
0 1.7168 0 4.35547 0 0 6.45703 0 
0 4.78516 0 0.0422058 0 0 0 0 
0 9.35938 0 0 0 0 0 0 
0 12.375 0 0 0 0 0 0 
0 12.2812 0 0 0 0 0 0 
0 7.98438 0 0.65625 0 0 0 0 
0 3.76953 0 2.9707 0 0 0 0 
0 0.946777 0 6.19141 0 0 0 0 
0 0.896973 0 6.59375 0 0 1.10156 0 
0 2.62695 0 2.56836 0 0 0.474365 0 
0 4.58984 0 0.86084 0 0 0 0 
0 4.87109 0 2.68164 0 0 0 1.78223 
0 4.21484 0 6.53125 0 0 0 5.15234 
0 3.17773 0 10.2344 0 0 0 7.05469 
0 1.89062 15.5234 14.1094 0 0 0 3.77344 
1.20117 0 13.0859 17.4219 0 0 0 1.13281 
2.35156 0 5.91406 14.1719 0 0 0 2.5 
3.28125 0.514648 3.78516 6.04297 0.772949 0 0 0 
0 2.11523 2.42969 0 10.1484 0 0 0 
0 0 0 0 0 0 0 0 
0 0 0 0 0 0 0 0 
0 0 0.309082 0 0 0 0 0 
0 0 0 0 0 0 0 0 
3.72461 0 0 0 0 0 0 0 
9.60156 0 0 0 0 0 0 0 
8.69531 0 0 0 0 0 0 3.29492 
5.87891 0 2.11523 0 0 0 0 5.99219 
11.0625 0 1.90918 0.635254 0 0 0 8.875 
4.88281 0 0 0 0 0 0 17.5312 
0 0 0 0 0 0 0 20.0156 
0 0 0 0 0 0 5.35547 15.6797 
0 0 0 0.43042 0 0 6 13.25 
0 0 0 11.7422 0 0 0 0.130615 
0 2.19922 0 22.3281 0 0 0 0 
0 12.5547 0 15.8281 0 0 0 0 
0 22.1562 0 0 0 0 0 0 
2.14453 24.6719 0 0 0 0 0 0 
24.9844 20.2031 0 0 0 0 0 0 
15.4062 14.6016 0 7.48438 0 0 0 0 
0 11.0234 0 10.8047 0 0 0 0 
0 8.42188 0 4.99609 0 0 0 0 
0 7.21875 0 0 0 0 0 8.73438 
0 8.34375 0 0 0 0 1.12012 1.98047 
0 11.5469 0 0 0 0 0 0 
0 14.8281 0 0 0 0 0 0 
0 15.9609 0 0 0 0 0 0 
0 14.9297 0 0 0 0 0 0 
0 9.32031 0 0 0 0 0 0 
0 3.82812 0 0 0 1.33301 1.4209 0 
0 0 0 0 0 5.71484 2.14453 0 
0 0 0 0 0 8.1875 2.04297 0 
0 0.0773926 0 0 0 4.75781 0.0701904 0 
0 1.46387 0 0 0 0 0 0 
0 0 0 0.148071 0 0 0 0 
0 0 0 5.1875 0 0 0 0 
0 0 7.40234 11.8828 0 0 0 0.22937 
0 0 18.0625 17.6094 0 0 0 0 
0 0 12.4688 17.0469 0 0 0 0 
5.31641 0 3.93359 11.3203 0 0 0 0 
11.8984 0 0 2.37891 5.46094 0 0 0 
9.13281 1.99023 0 0 14.5156 0 0 0 
0 0 0 0 0 0 0 0 
0 0 0 0 0 0 0 0 
0 0 0 0 0 0 0 0 
9.24219 0 0 0 0 0 0 0 
21.25 0 0 0 0 0 0 0 
20.8281 0 0 0 0 0 0 6.08203 
14.1328 0 0 0 0 0 0 9.82812 
6.60547 0 0 6.75781 0 0 0 13.7422 
4.59375 0 0 10.0469 0 0 0 20.9688 
0 0 0 4.47266 0 0 0 23.3281 
0 0 0 2.30078 0 0 0 19.2188 
0 0 0 4.54688 0 0 0.601074 9.53125 
0 0 0 11.7578 0 0 0 1.83594 
0 0 0 27.2344 0 0 0 0 
0 0 0 40.1562 0 0 0 0 
0 3.85547 0 32.8438 0 0 0 0 
0 12.5703 0 0.712891 0 0 0 0 
7.48047 15.6641 0 0 0 0 0 0 
42.7188 14.2891 0 0 0 0 0 0 
40.0312 11.8984 0 0.00692368 0 0 0 0 
3.18555 9.00781 0 0.0986938 0 0 0 0 
0 5.53125 0 0 0 0 0 0 
0 4.39453 0 0 0 0 0 10.6953 
0 5.66406 0 0 0 0 0 16.875 
0 7.51953 0 0 0 0 0 4.17578 
0 8.75781 0 0 0 0 0 0 
0 7.94531 0 0 0 0 0 0 
0 5.58594 0 0 0 0 0 0 
0 2.13867 0 0 0 4.65625 4.16406 0 
0 0 0 0 0 6.65625 10.9141 0 
1.8877 0 0 0 0 8.65625 13.4297 0 
1.30859 0 0 0 0 8.26562 13.6484 0 
0 0.688477 0 0 0 0.978516 10.3438 0 
0 1.79688 0 0 0 0 1.74121 0 
0 0 0 3.07031 0 0 0 0 
0 0 0 7.93359 0 0 0 0 
0 0 2.67383 12.5312 0 0 0 3.68945 
0 0 4.89844 17.8281 0 0 0 1.69531 
0 0 0 15.4141 0 0 0 0 
4.41406 0 0 10.0078 0 0 0 0 
17.9375 0 0 2.10352 1.13965 0 0 0 
20.7969 0 0 0 7.76172 0 0 0 
0 0 0 0 0 0 0 0 
0 0 0 0 0 0 0 0 
5.96094 0 0 0 0 0 0 0 
27.1875 0 0 0 0 0 0 0 
46.0625 0 0 0 0 0 0 3.21875 
47.9062 0 0 0 0 0 0 8.57031 
38.2812 0 0 0 0 0 0 10.8984 
17.7031 0 0 5.58594 0 0 0 18.1562 
0 0 0 7.25391 0 0 5.38281 30.9688 
0 0 0 5.77344 0 0 4.23047 35.3438 
0 0 3.02344 7.17969 0 0 1.46973 38.0625 
3.41016 0 5.96875 14.0703 0 0 1.37305 24.3438 
0.116882 0 5.47266 27.6562 0 0 0 2.97852 
0 0 1.48926 49.7188 0 0 0 0 
0 0 0 69.875 0 0 0 0 
0 0 0 65.4375 0 0 0 0 
4.03906 0 0 3.0625 0 0 0 0 
18.4375 2.13477 0 0 0 0 0 0 
66 2.68555 0 0 0 0 0 0 
81.875 2.19922 0 0 0 0 0 0 
16.2344 0 0 0 0 0 0 0 
0 0 0 0 0 0 0 0 
0 0 0 0.550293 0 0 0 10.5547 
0 0 0 0 0 0 0 39.125 
0 0 0 0 0 0 0 17.5938 
0 1.39453 0 0 0 0 0 0 
0 3.34766 0 0 0 0 0 0 
0 5.57422 0 0 0 0 4.41016 0 
0 7.49609 0 0 0 5.69922 13.3047 0 
0 9.36719 0 0 0 7.17969 21.1406 0.244507 
3.71484 9.95312 0 0 0 6.42578 25.3438 0.107788 
4.47266 10.7422 0 0 0 2.29883 25.3125 0 
3.24414 10.1641 6.98047 1.55957 0 0 19.8594 0 
0 6.39062 10.6875 11.0625 0 0 9.10938 0 
0 0.777832 12.1484 19.2031 0 0 0 0 
0 0 12.5312 22.6094 0 0 0 2.63672 
0 0 8.22656 22.4219 0 0 0 6.70703 
0 0 3.77539 21.2969 0 0 0 4.82812 
0 0 0 17.3438 0 0 0 0.244507 
0.546875 0 0 13.0859 0 0 0 0 
13.5156 0 0 4.91016 0 0 0 0 
16.8906 0 0 0 2.85352 0 0 0 
0 0 0 0 0 0 0 0 
0 0 0 0 0 0 0 0 
8.88281 0 0 1.88379 0 0 0 0 
29.2812 0 0 0 0 0 0 0.358398 
47.9688 0 0 0 0 0 0 2.79297 
57.3438 0 0 0 0 0 0 4.31641 
40.9688 0 0 0 0 0 1.83789 2.08594 
1.15918 0 0 0 0 0 9.60938 6.41016 
0 0 0 2.01758 0 0 15.1641 17.9688 
0 0 0 5.25781 0 0 12.0469 29.2188 
0 0 0 8.53125 0 0 8.4375 36.0625 
11.9062 0 0.728516 14.3438 0 0 10.75 17.4688 
8.23438 0 1.39355 27.9531 0 0 7.95703 0 
0 0 0 56.0625 0 0 0 0 
0 0 0 89.75 0 0 0 0 
0 0 0 96.4375 0 0 0 0 
0 0 0 1.48242 0 0 0 0 
12.5078 0 0 0 0 0 0 0 
77.4375 0 0 0 0 0 0 0 
131.5 0 0 0 0 0 0 0 
38.3125 0 0 0 0 0 0 0 
0 0 0 0 0 0 0 0 
0 0 0 3.42969 0 0 0 9.96875 
0 0 0 1.00879 0 0 0 73.125 
0 0 0 0 0 0 0 39.375 
0 2.62695 0 0 0 0 0 0 
1.41602 4.88281 0 0 0 0 0 0 
0.580078 6.17188 0 0 0 5.21094 0.052124 0 
0 5.96875 0 0 0 11.4062 2.50195 0 
0 5.16406 0 0 0 13.8359 6.31641 0 
0 2.67578 0 0 0 13.0234 9.57031 0 
0 0 1.97852 7.30078 0 4.90234 8.01562 0 
0 0 9.77344 15.9688 0 0 1.28906 0 
0 0 11.4219 21.6094 0 0 0 0 
0 0 13.3203 29.0781 2.08398 0 0 0 
0 0 15.3906 36.2188 3.00977 0 0 0 
0 0 10.8984 39.1875 1.43945 0 0 0 
0 0 5.36328 38.7812 0 0 0 0 
0 2.17383 2.5918 32.0312 0 0 0 0 
0.853027 6.48828 0 22.5469 0 0 0 0 
8.75781 6.68359 0 13.9375 0 0 0 0 
11.5625 4.24219 0 9.24219 0 0 0 0 
0 0 0 0 0 0 0 0 
3.30273 0 0 2.25781 0 0 0 0 
6.86719 0 0 4.70703 0 0 0 0.525391 
18.8281 0 0 0 0 0 0 3.37695 
31.5 0 0 0 0 0 0 1.67285 
55.9062 0 0 0 0 0 0 0 
44.0938 0 0 0 0 0 0.28125 0 
0 0 0 0 0 0 4.8125 0 
0 0 1.80371 0 0 0 13.0859 0 
0 0 0.0905151 4.26172 0.215698 0 16.0781 23.875 
0 0 0.492676 8.69531 7.04297 0 14.9219 31.2344 
7.83594 0 0.641113 14.1641 3.62695 0 16.4688 11.1797 
3.67383 0 0 32.9062 0 0 11.8203 0 
0 0 0 73.5 0 0 0.371826 0 
0 0 0 123.438 0 0 0 0 
0 0 0 147.25 0 0 0 0 
0 0 0 15.9766 0 0 0 0 
12.5469 0 0 0 0 0 0 0 
94.75 0 0 0 0 0 0 0 
210.625 0 0 0 0 0 0 0 
92.625 0 0 0 0 0 0 0 
0 0 0 0 0 0 0 0 
0 0 0 3.42969 0 0 0 19.6875 
0 0 0 0 0 0 0 150.875 
0 0 0 0 0 0 0 102.562 
0 0 0 0 0 0 0 34.9375 
2.61523 0 0 0 0 0 0 7.45703 
8.34375 0.554199 0 0 0 5.17578 0 2.52344 
6.59375 0.276123 0 3.14062 0 11.6797 0 0.22937 
6.73047 0 0 5.99609 0 12.8438 4.05859 0 
2.31836 0 0 12.4531 0 8.17969 8.49219 0 
0 0 0 19.2656 0 0 7.11328 0 
0 0 0.999512 8.64844 0.168091 0 0 0 
0 0 0.790039 0 3.125 0 0 0 
0 0 3.45117 0 3.28125 0 0 0 
0 0 9.97656 0 2.73633 0 0 0 
0 0 9.10156 0 0.100159 0 0 0 
0 0 0 4.8125 0 0 0 0 
0 1.93066 0.0205536 6.90234 0 0 0 0 
0 9.60156 0.938477 4.41797 0 0 0 0 
7.76953 12.4922 0 7.17578 0 0 1.20996 0 
16.8906 9.17969 0 11.1562 0 0 4.89844 0 
5.11719 0 0 2.06055 0 0 0 0 
7.85547 0 0 6.39453 0 0 0 0.966309 
0 0 0 9.35938 0 0 0 5.25781 
0 0 0 0 0 0 0 6.23438 
3.16992 0 2.26367 0 0 0 0 1.55469 
25.4062 0 10.7422 0 0 0 0 0 
22.2031 0 10.0156 0 0 0 0 0 
0 0 0.624023 0 0 7.80859 1.65039 0 
0 0 0 0 0 8.09375 6.94531 0 
0 0 0 6.10156 6.01172 7.55078 11.0703 0 
0 0 0 9.17969 16.9219 4.81641 10.6484 11.7969 
0 0 0 1.51758 7.88281 0 9.47656 2.02539 
0 0 0 1.33398 0 0 0.462402 0 
0 0 0 12.2734 0 0 0 0 
0 0 0 45.3125 0 0 0 0 
0 0 0 78.875 0 0 0 0 
0 0 0 0 0 0 0 0 
0 0 0 0 0 0 0 0 
71.4375 0 0 0 0 0 0 0 
237 0 0 0 0 0 0 0 
111.5 0 0 0 0 0 0 0 
0 0 0 3.18359 0 0 0 0 
0 0 0 7.94141 0 0 0 2.31836 
0 0 0 1.77148 0 0 0 192.125 
0 0 0 0 0 0 0 131.125 
0 0 0 0 0 0 0 50.125 
0 0.295898 0 0 0 0 0 14.5234 
3.33203 0.95166 0 0 0 0 0 8.73438 
9.83594 0 0 14.8906 0 5.19922 0 6.98828 
10.3828 0 0 18.0938 0 7.17578 3.7832 3.6582 
4.73047 0 0 8.53906 0 1.58301 6.1875 0.639648 
0 0 0 0 0 0 3.46289 0 
0 0 0 0 0.072998 0 0 0 
0 0 0 0 2.64258 0 0 0 
0 0 6.64453 0 3.98047 0 0 0 
0 0 15.1641 0 5.75 0 0 0 
0 0 16.1406 0 4.33203 0 0 0 
0 0 2.83984 0 0 0 0 0 
0 0 0 0 0 0 0 0 
0 1.79688 3.70117 0 0 0 0 0 
0.522461 6.05859 9.03906 0 0 0 4.82812 0 
18.2969 5.64062 8.48438 6.90234 0 0 10.3125 0 
6.50781 0 0 4.32422 0 0 0 3.44922 
5.67188 0 0 8.83594 0 0.374268 0 4.83594 
0 0 0.877441 8.07031 0 0 0 6.63672 
0 0 20.3125 0 0 0 0 3.60938 
0 0 32.6875 0 0 0 0 0 
0 0 52.2188 0 0 0 0 0 
0 0 40.8125 0 0 0 0 0 
0 0 5.07812 0 5.01562 4.79688 0 0 
0 0 0 0 9.19531 6.875 0 0 
0 0 0 0 27.7812 11.9531 0 0 
0 0 0 0 37.375 13.3438 0 0 
0 0 0 0 16.1875 5.40625 0 0 
0 0 0 0 0 0 0 0 
0 0 0 0 0 3.31445 0 0 
0 0 0 0 0 19.2812 0 0 
0 0 0 0 0 25.6719 0 0 
0 0 0 0 0 0 0 0 
0 0 0 0 0 0 0 0 
0 0 0 0 0 0 0 0 
12.1641 0 0 0 0 0 0 0 
0 0 0 0 0 0 2.6875 0 
0 0 0 8.70312 0 0 5.125 0 
0 0 0 14.9141 0 0 4.91797 0 
0 0 0 3.58594 9.71094 0 4.39844 14.5078 
0 0 0 0 0 0 0 0 
0 0 0 0 0 0 0 0 
0 0 0 0 0 0 0 0 
0 0 0 0 0 5.07031 0 0 
0 0 0 0 0 12.0781 0 0 
0 0 0 0 0 12.4922 4.05859 3.66992 
0 0 0.204102 0 0 8.94531 3.99609 0.0393982 
0 0 5.70312 0 0.215698 2.19531 1.16211 0 
0 0 5.54297 0 0 0 0 0 
0 0 2.63086 0 1.56836 0 0 0 
0 0 5.58594 0 6.08203 0 0 0 
0 0 13 0 9.02344 6.03125 0.926758 0 
0 0 14.7734 0 5.15625 7.71875 0.932617 0 
0 0 3.81445 0 0 0 0 0 
0 0 0 0 0 0 0 0 
0 0 4.14453 0 0 0 0.299316 0 
0.447754 1.4043 9.48438 0 0 0 6.74609 0.662109 
29.3906 1.71191 8.08594 10.8125 0 0 13.5078 1.66504 
1.8877 0 0 3.69727 0 0 0 11.8984 
0 0 0 4.375 0 0 0 8.61719 
0 0 6.45312 3.33789 0 0 0 5.05469 
0 0 29.2969 0 0 0 0 0 
0 0 38.5312 0 0.922363 0 0 0 
0 0 70.6875 0 2.72461 0 0 0 
0 0 44.7812 0 8.6875 0 0 0 
0 0 0 0 12.7656 0 0 0 
1.10938 0 0 0 9.53906 0 0 0 
0.960938 0 0 0 37.9688 5.19531 0 0 
0 0 0 0 40.7188 9.69531 0 0 
0 0 0 0 7.10938 1.58301 0 0 
0 0 0 0 0 0 0 0 
0 0 0 0 0 15.625 0 0 
0 0 0 0 0 47.5938 0 0 
0 0 0 0 0 61.2812 0 0 
0 0 0 0 0 0 0 0 
0 0 0 0 0 0 0 0 
0 0 0 3.07617 4.42969 0 0 0 
0 0 6.35938 0 0 0 0 0 
0 0 0 0 0 0 7.05469 0 
0 0 0 3.85938 0 0 3.07422 0 
0 0 0 13.5625 0 0 4.63672 0 
0 0 0 1.92676 7.94531 1.02637 7.00781 0 
0.530762 0 0 0 0 0.414551 0 0 
0 0 0 0 0 0.261475 0 0 
0 0.986816 0 0 0 2.56445 0 0 
0 0.102234 3.04102 0 0 7.62891 0 0 
0 0 0.510254 0 0 8.03125 0 0 
0 0 0.0467834 0 0 4.46094 4.42578 2.43945 
0 0 4.27344 0 1.52734 4.49609 5.07422 0 
0 0 4.61328 0 0 7.91797 0.993164 0 
0 0 1.73828 0 0 12.7969 0 0 
0 0 0 0 0.256592 17.9375 0 0 
0 0 0 0 5.57031 31 0 0 
0 0 3.23438 0 6.44141 52.2812 0.275391 0 
0 0 8.99219 0 0.956543 62.8125 1.1377 0 
0 0 6.60547 0 0 42.375 0 0 
0 0 7.6875 0 0 11.6406 0 0.806641 
0 0 11.7266 0 0 0 0 4.03906 
13.9141 0 9.05469 0 0 0 6.10156 7.37891 
43.9688 0 6.17969 11.0469 0 5.73047 14.875 8.75 
0 0 0 0 0 0 0 18.5469 
0 0 0 0 0 0 0 9.16406 
0 0 1.29688 0 0 0 0 0.654785 
0 0 16.2656 0 5.59766 0 0 0 
0 0 24.5312 0 5.48438 0 0 0 
0 0 77.25 0 5.32812 0 0 0 
0 0 58.5312 0 6.62891 0 0 0 
0 0 0 0 3.22656 0 0 0 
0 0 0 0 5.69141 0 0 0 
0 0 0 4.50781 53.5938 0 0 0 
0 0 0 8.78125 54.7188 5.49609 0 0 
0 0 4.08594 3.35156 9.1875 11.8359 0 0 
0 0 0 0 0 32.8438 0 0 
0 0 0 0 0 76.0625 0 0 
0 0 0 0 0 143.25 0 0 
0 0 0 0 0 192.5 0 0 
0 0 0 0 0 0 0 0 
0 0 0 0 5.72656 0 0 0 
0 0 0 3.8457 7.07031 0 0 0 
0 0 126.5 0 0.861328 0 0 0 
0 0 4.11719 0 0 0 0 0 
0 0 0 0 0 0 0 0 
0 0 0 0.0916138 0 0 0 0 
3.88477 0 0 0 99.75 8.55469 0 0 
2.27539 0 0 0 72.9375 8.08594 0 0 
0 1.56836 0 0 7.29688 4.20703 0 0 
0 4.79297 0 0 0 0 0 0 
0 3.34766 10.9297 4.92578 0 0 0 2.40234 
0 1.99023 13.8672 4.84766 0 0.567383 0 0 
0 0 12.5 1.22754 0 5.75781 3.49414 0 
0 0 5.04688 0.550293 1.98926 10.9922 5.40234 0 
0 0 0 0 0 11.8047 0 0 
0 0 0 0 0 7.73047 0 0 
0 0 0 0 1.5752 0 0 0 
0 0.484863 0 0 1.9082 0 0 0 
0 0.792969 0 0 0 7.41016 0 0 
0 0 0 0 0 11.3516 0 0 
0 0 0 0 0 0 0 0 
0 0 0.265381 0 0 0 0 0 
0 0 0 0 0 0 0 0 
19.5625 0 0 0 0 0 5.28125 5.78125 
37.9375 0 0 1.74316 0 3.64453 18.3438 2.56055 
0 0 0 0 0 0 0 24.5 
0 0 0 0 0 0 0 9.08594 
0 0 0 0 3.19336 0 0 0 
0 0 0 0 9.84375 0 0 0 
0 0 0 0 9.85156 0 0 0 
0 0 43.7188 0 6.0625 0 0 0 
0 0 39.1875 0 0 0 0 0 
0 0 0 0 0 0 0 0 
0 0 0 0 0 0 0 0 
0 0 0 0 38.1875 0 0 0 
0 0 0 0 51.2188 6.10156 0 0 
0 0 0 0 14.8516 12.5547 0 0 
0 0 0 0 0 30.7188 0 0 
0 0 0 0 0 53.8125 0 0 
0 0 0 0 0 97.8125 0 0 
0 0 0 0 0 147.625 0 0 
0 0 0 0 0 0 0 0 
0 0 0 0 0 0 0 0 
0 0 19.5 0 5.58984 0 0 0 
0 0 265.75 0 9.25 0 0 0 
0 0 171.5 0 5.26562 0 0 0 
0 0 3.45703 0 0 0 0 0 
0 0 0 0 0 5.73047 0 0 
5.16406 0 0 0 209 12.8516 0 0 
6.96484 0 0 0 174.625 15.2109 0 0 
0 0 0 0 74.6875 6.42969 0 0 
0 1.08105 0 0 26.1094 0 0 0 
0 3.5 0 0 9.17969 2.24219 0 2.90625 
0 2.83984 9.53125 0 3.93945 16.2188 0 0 
0 0 9.89844 0 1.50684 21.1406 2.60352 0 
0 0 0.641113 0 0 16.5625 4.33594 0 
0 0 0 0 0 2.69336 0 0 
0 0 0 0 0 0 0 0 
0 0 0 0 0 0 0 1.35352 
0 2.00977 0 0 0 0 0 0 
0 2.13867 0 0 0 0 0 0 
0 2.68555 0 0 0 0 0 0 
0 1.14551 0 0 0 0 0 0 
0 0 0 0 0 0 0 0 
0 0 0 0 0 0 0 0 
18.0625 0 0 0 1.64258 0 0 0 
27.8125 0 0 0 1.27637 0 13.3203 0 
0 0 0 0 0 0 0 10.4453 
0 0 0 0 0 4.26562 0 0 
0 0 0 0 5.50391 5.72266 0 0 
0 0 0 0 9.99219 0 0 0 
0 0 0 0 11.25 0 0 0 
0 0 15.7266 0 6.33594 0 8.82031 0 
2.75586 0 1.62012 0 0 0 2.4707 0 
1.58105 0 0 0 0 0 0 0 
0 0 0 0 0 0 0 0 
0 0 0 0 17.1719 0 0 0 
0 3.28711 0 0 23 0 0 8.82031 
0 2.4375 0 0 0 0 0 3.13086 
0 0 0 0 0 0 0 0 
0 0 0 0 0 0 0 0 
0 0 0 0 0 0 0 0 
0 0 0 0 0 0 0 0 
0 0 0 0 0 0 0 0 
0 0 0 0 0 0 0 0 
0 0 0 0 1.64258 0 0 0 
0 0 60.5625 0 13.5391 0 0 0 
0 0 1.5332 0 14.625 0 0 0 
0 0 0 0 0 0 0 0 
0 0 0 0 0 13 0 0 
10.8281 0 0 0 82 14.2578 0 0 
13.3047 0 0 0 81.75 14.5312 0 2.24219 
0 0 0 0 29.1406 0.865723 0 0 
0 0 0 0 1.01758 0 0 0 
0 3.98438 0 0 0 4.27344 0 0 
0 3.47656 0 0 0 5.23438 2.9375 0 
0 0 0.641113 0 0 0 8.3125 0 
0 0 0 0 0 0 7.41797 0 
0 0 0 0 0 0 0 0 
0 0 0 0 0 0 0 0 
0 0 0 0 0 0 0 0 
0 0 0 0 0 0 0 0 
0 0 0 0 0 0 0 0 
2.83008 0.102234 0 0 0 0 0 0 
0 0.569336 0 0 0 0 0 0 
0 1.95508 0 0 0 0 0 0 
0 0.782715 0 0 0.0525818 0 0 0 
0 2.25391 0 0 7.26562 0 0 0 
1.10938 1.75195 0 0 0 4.82422 8.15625 0 
0 0 0 0 0 1.95312 0 0 
0 0 0 0 0 8.29688 0 0 
0 0 0 0 4.36328 5.73828 0 0 
0 0 0 0 5.50391 0 0 0 
0 0 0 0 6.24609 0 0 0 
0 3.7793 1.70312 0 2.44531 0 8.16406 0 
7.15234 0 0 0 0 0 0.184814 0 
10.6406 0 0 0 2.64844 0 0 0 
5.39453 0 0 0 2.95508 0 0 0 
0 0 0 0 3.36328 0 0 0 
0 0 0 0 5.33594 0 0 19.6562 
10.1953 0 0 0 0 0 0 25.8281 
5.72656 0 0 0 0 0 0 4.85547 
0 0 0 0 0 0 0 0 
0 0 0 0 0 0 0 0 
0 0 0 0 0 0 0 0 
0 0 0 0 0 0 0 0 
0 0 0 0 0 0 0 0 
0 0 0 0 0 0 0 0 
0 0 0 0 4.50781 0 0 0 
0 0 0 0 20.4688 0 0 0 
0 0 0 0 0 4.16797 0 0 
0 0 0 0 0 16.375 0 0 
5.57422 0 0 0 3.58594 14.7812 0 0 
3.64453 0 0 0 2.34961 12.1562 0 0 
0 0 0 0 0 0 0 0 
0 0 0 0 0 0 0 0 
0 0 0 0 0 0 1.96387 0 
0 2.21484 0 0 0 0 7.97656 0 
0 1.68262 0 0 0 0 6.62891 0 
0 1.34961 0 0 0 0 2.82617 0 
0 1.06152 1.55957 0 0 0 0 0.935547 
0 0.792969 4.62109 0 0 0 0.148682 0.571289 
0 0 2.1582 0 0 0 9.9375 0 
0 0 0 0 0 0 24.8125 0 
0 0 0 0 0 0 33.1875 0 
2.76367 0 0 0 0 0 25.7344 0 
0 0 0 0 0 0 20.4531 0 
0 5.66406 0 0 0.623535 0 10.0391 0 
0 10.7188 0 0 3.8457 0 0.407959 0 
0 13.2109 0 0 6.29297 9.77344 7.38281 0 
0 10.7109 19.625 0 0 13.0625 18.4844 0 
0 0 0 0 7.44531 2.25977 0 4.3125 
0 0 0 0 2.07031 2.54102 0 0.457275 
0 0 0 0 1.47949 0 0 0 
0 0 0 0 0.589355 0 0 0 
0 0.514648 0 0 2.47266 0 0 0 
0 14.6875 0 0 0.942871 0 0 0 
0 17.9531 0 0 0 0 0 0 
4.76562 7.77344 0 0 2.07812 0 0 0 
6.64844 0 0 0 1.9082 0 0 0 
2.26758 0 0 0 0 0 0 0 
1.39941 0 0 0 0 5.96875 0 14.6875 
10.25 0 0 0 0 8.60938 2.78711 29.6875 
5.25 0 0 0 0 13.75 17.6719 21.4844 
0 0 0 0 0 4.73438 36.3125 4.48438 
0 0 0 0 0 0 65.75 0 
0 0 0 0 0 0 95.5 0 
0 0 0 0 0 0 23.7188 0 
0 0 0 0 0 0 0 0 
0 0 0 0 0 0 0 0 
0 0 0 0 0 0 0 0 
0 0 0 0 19.0781 0 0 0 
0 0 0 0 22.8281 6.84375 0 0 
0.464355 0 0 0 0 17.2188 0 0 
11.9062 0 0 0 0 16.1406 0 0 
8.21094 0 0 0 0 11.1094 0 0 
0 0 0 0 0 1.2041 0 0 
0 0 0 0 0 0 0 0 
0 0 0 0 0 0 2.89258 0 
0 1.00684 1.48926 0 0 0 6.72656 0.776367 
0 3.70898 2.60352 0 0 0 6.98438 7.50391 
0 4.45312 7.42188 0 0 0 3.23438 11.8047 
0 3.83594 13.1328 0.0563354 0 0 0 11.8125 
0 2.91406 15.9219 0 0 0 3.12891 5.91797 
0 0 10.8438 0 0 0 14.9688 0 
0 0 4.51562 0 0 0 23.6875 0 
0 0 0 0 0 0 21.7812 0 
0 0 0 0 0 0 8.58594 0 
0 0 0 0 0 0 0.365723 0 
0 7.46875 0 0 0 0 0 0 
0 11.0859 0 0 0.888672 0 0 0 
0 12.2578 4.08984 0 0 5.18359 0 0 
0 10.6953 21.75 0 0 4.87109 11.4453 0 
0 0 0 0 20.9375 0 0 4.95312 
0 0 0 0 3.25391 0 0 2.02148 
0 0 0 0 0 0 0 0 
0 0 0 0 0 0 0 0 
0 0 0 0 0 0 0 0 
0 7.39453 0 0 2.33594 0.422607 0 0 
0 16.5312 1.34961 0 0 0 0 0 
0.828613 11.1094 0 0 0 0 0 0 
6.33984 0 0 0 0 0 0 0 
8.92188 0 0 0 0 0 0 0 
7.82422 0 0 0 0 3.18555 3.66797 7.69141 
9.15625 0 0 0 0 6.60156 19 24.5312 
0 0 0 0 0 11 36.125 24.125 
0 0 0 0 0 5.67578 51.5938 21.5312 
0 0 0 0 0 0 78.4375 9.6875 
0 0 0 0 0 0.0357971 115.5 0 
0 0 0 0 0 0 82.25 0 
0 0 0 0 0 0 24.125 0 
0 1.60742 0 0 0 0 0 0 
0 65.75 0 0 0 0 0 0 
0 113.562 0 0 1.30273 0 0 0 
0 116.812 0 0 22.3438 0 0 0 
0 77.3125 0 0 0 5.48047 0 0 
3.42578 27.125 0 0 0 7.42578 0 0 
6.64453 0 0 0 0 1.51855 6.21875 0 
0.348633 0 0 0 0 0 9.8125 0 
1.25879 0 0 0 0 0 15.4297 0 
0 0 0 0 0 0 21.2344 0 
0 0 0 0 0 0 23.9375 6.59375 
0 3.32227 0 0 0 0 19.4688 14.8906 
0 4.52344 9.07031 0 0 0 12.5078 21.5 
0 2.01953 20.1875 0 0 0 5.98047 18.0156 
0 0 22.0156 0 0 0 5.35938 10.1016 
0 0 13.4922 0 0 0 9.91406 0.518066 
0 0 1.18359 0 0 0 11.4844 0 
0 0 0 0 0 0 1.3916 0 
0 0 0 0 0 0 0 0 
0 0 0 0 0 0 0 0 
0 2.00586 0 0 0 0 0 0 
0 0 0 0 0 0 0 0 
0 0 0 0 0 0 0 0 
0 0 9.02344 0 0 0 0 0 
0 0 0 0 7.16797 0 0 5.90625 
0 0 0 0 0 0 0 0.571289 
0 0 0 0 0 0 0 0 
0 0 0 0 0 0 0 0 
0 0 0 0 0 0 0 0 
0 0 0 7.72266 0 2.83203 0 0.122986 
0 7.99609 9.86719 4.98828 0 0 0 0 
5.27344 3.82422 6.38281 4.98438 0 0 0 0 
15.5469 0 0 2.4707 0 0 0 0 
19.8906 0 0 0 0 0 0 0 
18.9531 0 0 0 0 0 10.3828 7.6875 
15.9531 0 0 0 0 0 17.9844 22.9062 
0.836914 0 0 0 0 0 17.0781 27.7656 
0 0 0 0 0 0 13.6328 28.5781 
0 0 0 0 0 0 20.2344 20.8906 
0 0 0 0 0 10.6094 43.7812 5.66016 
0 0 0 0 0 9.14844 42.5 0 
0 0 0 0 0 0 16.0469 0 
0 0 0 0 0 0 0 0 
0 29.4062 0 0 0 0 0 0 
0 66.25 0 0 0 0 0 0 
0 73.6875 0 0 8.92969 0 0 0 
0 45 0 0 1.79297 1.6709 0 0 
0 12.5078 0.66748 0 0 0 9.92188 0 
1.46582 0 0.903809 0 0 0 17.4531 0 
0 0 0 0 0 0 21.0781 0 
0 0 0 0 0 0 28.7031 0 
0 0 0 0 0 0 32.75 0.768555 
0 0 0.728516 0 0 0 29.9688 7.98047 
0 0 7.34375 0 0 0 17.7188 9.82812 
0 0 19.5938 0 0 0 3.09766 9.23438 
0 0 27.5625 0 0 0 0 6.04297 
0 0 23.4844 0 0 2.74219 0 6.84766 
0 0 10.1797 0 0 3.24219 0 6.30078 
0 0 0 0 0 0 0 0 
0 0 0 0 0 0 0 0 
0 0 0 0 0 0 0 0 
0 0 0 0 0 0 0 0 
0 0 0 0 0 0 0 0 
0 0 0 0 0 0 0 0 
0 0 0 0 0 0 0 0 
0 0 0 0 0 0 0 0 
0 0 0 0 0 0 6.16406 2.98633 
1.3252 0 0 0 0 0 7.79688 0 
0 0 0 0 0 5.40234 1.8916 0 
0 0 0 0 0 0 0 0 
0 0 0 1.4541 0 0 0 0 
0 0 1.44531 8.55469 0 3.66016 0 0 
0 0 16.125 4.36719 0 0 0 0 
4.40234 0 14.6719 5.08984 0 0 0 0 
13.1094 0 0 4.20703 0 0 0 0 
17.9375 0 0 1.9834 0 0 0 0 
16.5781 0 0 0 0 0 9.65625 5.00781 
7.79297 0 4.23438 0 0 0 11.3672 18.0625 
0 0 2.47266 0 0 0 4.20312 19.9688 
0 0 0 0 0 0 0 21.125 
0 0 0 0 0 5.86328 0 12.8125 
0 0 0 0 0 16.9531 5.60938 0 
0 0 0 0 0 13.4922 15.1953 0 
0 0 0 0 0 0.615723 10.2188 0 
0 0 0 0 0 0 0 0 
0 0 3.88086 0 0 0 0 0 
0 14.6875 3.83203 0 0 0 0 0 
0 19.6406 0.851074 0 0 2.4043 0 0 
0 0 2.90039 0 0.106934 3.05664 7.28906 0 
0 0 7.76953 0 0.351562 0 16.1719 0 
0 0 6.85938 0 0 0 24.2031 0 
0 0 5.34766 0 0 0 29.3594 0 
0 0.0376282 2.84375 0 0 1.59082 33.7188 0 
0 3.4707 0 0 5.26172 8.70312 30.4531 0 
0 0.430176 0 0 5.48438 6.60156 19.7812 0 
0 0 6.92188 0 2.19336 0 3.26953 0 
0 0 21.9375 0 0 0 0 0 
0 0 28.7344 0 0 1.06738 0 0 
0 0 22.0781 0 0 7.25 0 2.13281 
0 0 9.76562 0 0 0 0 3.10352 
0 0 0.929688 0 0 0 0 0 
0 0 0 0 0 0 0 0 
0 0 0 0 0 0 0 0 
0 0 0 0 0 0 0 0 
0 0 0 0 0 0 0 0 
0 0 0 0 0 0 0 0 
0 5.0625 0 0 0 0 0 0 
0 7.52344 0 0 0 0 0 0 
0 0 0 0 0 0 14.0469 3.73828 
0.232666 0 0 0 0 0 14.4062 0 
0 0 0 2.96484 0 8.14844 6.58984 0 
0 0 1.7998 2.33594 0 0 0 0 
0 0 7.83594 0 0 0 0 0 
0 0 7.67188 3.16211 0 6.09375 0 0 
0 0 12.7188 0 0 0 0 0 
0 0 7.34766 0 0 0 0 0 
4.67188 0 0 0 0 0 0 0 
10.0234 0 0 0 0 0 0.583008 0 
5.59766 0 0 0 0 0 7.79688 0 
0 0 0 0 0 0 6.25781 7.61328 
0 0 0 0 0 0 0 12.9922 
0 0 0 0 0 0 0 17.4062 
0 0 0 0 0 0 0 8.3125 
0 0 0 0 0 6.68359 0 0 
0 0 0 0 0 4.28125 9.86719 0 
0 0 0 0 0 0 13.1094 0 
0 0 0 0 0 0 0 0 
0 0 0 0 0 0 0 0 
0 0 1.41113 0 0 0 0 0 
0 0.0674438 9.67188 0 0 0 0 0 
0 0 11.6562 0 0 0 8.91406 0 
0 0 10.5859 0 0 0 17.9062 0 
0 0 2.67383 0 0 0 25.4219 0 
0 0 2.94922 0 0 0 31.5 0 
0 7.99609 3.02344 0 1.55469 0 32.9062 0 
0 13.8203 0 0 8.10156 8.9375 26.6562 0 
0 13.2266 0 0 6.36719 8.88281 12.8672 0 
0 11.375 0 1.05859 6.39453 3.17773 0 0 
0 10.7109 4.47656 6.33203 5.09766 0 0 0 
0 7.33203 4.16797 3.9375 0.0186005 0 0 0 
0 0.176758 0 4.09375 0 2.12305 0 0 
0 0 0 3.81055 0 0 0 0 
0 0 0 0 0 0 0 0 
0 0 0 0 0 0 0 0 
0 0 0 0 0 0 0 0 
0 0 0 0 0 0 0 0 
0 13.6797 0 0 0 0 0 0 
0 29.5938 0 0 0 0 0 0 
0 28.375 0 0 0 0 0 0 
0 22.6094 0 0 0 0 0 0 
0 0.653809 0 0 0 0 13.75 3.51758 
3.52148 0 0 0 0 0 11.9453 0 
2.63281 0 0 1.6582 0 4.95312 4.12891 0 
0.447754 0 5.86328 0.387939 0 0 0 0 
1.42383 0 7.33984 0 0 0 0 0 
0 0 2.66992 0 0 0.647949 0 0 
0 0 0 0 0 0 0 0 
0 0 0 0 0 0 2.01172 0 
0 0 0 0 0 0 0.0581665 0 
1.78809 0 0 0 0 0 0 0 
0 0 0 0 0 0 2.67578 0 
0 0 0 0 0 0 2.85156 0 
0 0 0 0 0 0 0 0.35083 
0 0 0 0 0 0 0 7.53516 
0 0 0 0 0 0 0 2.62305 
0 0 0 0 0 0 0 0 
0 0 0 0 0 0 11.6328 0 
0 0 0 0 0 0 21.8594 0 
0 0 0 0 0 0 12.1172 0 
0 0 0 0 0 0 0 0 
0 0 0 0 0 0 0 0 
0 0 9.64062 0 0 0 0 0 
0 0 10.4297 0 0 0 0 0 
0 0 2.34961 0 0 0 6.92969 0 
0 0 0 0 0 0 12.2188 0 
0 0 0 0 0.487549 0 18.4062 0 
0 2.41797 0 0 2.28906 0 21.0781 0 
0 4.16016 0 0 3.89258 0 19.9375 0 
0 1.91113 0 0.592773 4.17188 1.10742 9.9375 0 
0 0.981445 0 9.0625 8.17969 0 0 0 
0 2.24805 0 13.1719 7.62109 0 0 0 
0 2.80078 0 13.25 0.875 0 0 0 
0 0.633789 0 14.9219 0 0 0 0 
0 0 0 16.5781 0 0 0 0 
0 0 2.08398 12.5078 0 0 0 0 
0 0 0 6.74609 0 0 0 0 
0 0 0 2.72461 0 0 0 0 
0 8.35156 0 0 0 0 0 0 
0 33.0938 0 0 0 0 0 0 
0 38.9688 0 0 0 0 0 0 
0 28.0781 0 0 0 0 0 0 
0 17.875 0 0 0 0 0.0460815 0 
0 0 0 0 0 0 8.40625 4.4375 
4.34766 0 0 3.9668 0 0 6.63281 0 
0 0 0 2.14453 0 0.366211 2.43555 0 
0 0 4.01562 0.740723 0 0 0 0 
0 0 6.19922 0 0 0 0 0 
0 0 1.02637 0 0 0 0 0 
0 0 0 0 0 0 4.41797 0 
0 0 0 0 0 0 9.25 0 
0 0 0 0 0 0 3.2793 0 
0 0 0 0 0 0 0 0 
0 0 0.204102 0 0 0 0 0 
0 0 0 0 0 0 0 0 
2.01172 0 0 0 0 0 0 0 
0 0 0 0 0 0 0 0 
0 0 0 0 0 0 0 0 
0 4.16797 0 0 0 0 0 0 
0 2.93359 0 0 0 0 13.4609 0 
0 0 0 0 0 0 23.4844 0 
0 0 0 0 0 0 20.5312 0 
0 0 0 0 0 0 8.40625 0 
0 0 0 0 0 0 0 0 
0 0 9.83594 0 0 1.22852 0 0 
0 0 9.89062 0 0 0 0 0 
0 0 1.70801 0 0 0 0 0 
0 0 0 0 0 0 0 0 
0 0 0 0 0 0 2.09766 0 
0 0 0 0.952637 0 0 6.17969 0 
0 0 0 0.804199 1.17383 0 9.55469 0 
0 0 0 0 1.95605 0 2.09766 0 
0 0 0 0 2.62891 0 0 0 
0 0 0 0 0 0 0 0 
0 0.0773926 0 0 0 0 0 0 
0 1.9209 0.815918 0 0 0 0 0 
0 2.91406 6.87109 0 0 0 0 0 
0 4.28906 15.4219 0.296387 0 0 0 0 
0 4.48828 14.1484 0.20459 0 0 0 0 
0 6.55078 2.58594 0 0 0 0 0 
0 17.9375 4.89844 0 0 0 0 0 
0 31.3594 5.34375 0 0 0 0 0 
1.61426 27.5469 0 0 0 0 0 0 
1.02734 15.625 0 0 0 0 0 0 
0 7.73438 0 1.62988 0 0 0 0 
2.14453 0 0 5.91016 0 0 3.64062 6.33594 
5.20312 0 0 8.38281 0 0 2.99023 0.35083 
0 0 0 3.5918 0 0 2.61523 0 
0 0.295898 3.83203 2.68945 0 0 0 0 
0 0 6.25781 0 0 0 0 0 
0 0 6.05859 0 0 0 0 0 
0 0 4.87891 0 0 0 0.160645 0 
0 0 0.536621 0 0 0 6.37109 0 
0 0 0 0 0 0 3.69531 0 
0 0 0 0 0 0 0 0 
0 0 1.21875 0 0 0 0 0 
0 0 0 0 0 0 0 0 
0.31543 0 0 0 0 0 0 0 
0 0 0 0 0 0 0 0 
0 5.58203 0 0 0 0 0.0400696 0 
0 11.9375 0 0 0 0 8.1875 0 
0 11.3281 0 0 0 0 20.0156 0 
0 3.20703 0 0 0 0 26.0625 1.25488 
0 0 0 0 0 0 24.0469 0 
0 0 0 0 0 0 16.2812 0 
0 0 6.85156 0 0 0 10.5156 0 
0 0 19.5156 0 0 0 8.80469 0 
0 0.539551 21.6875 0 0 0.994629 11.9062 0 
0 0 12.8906 0 0 0 14 0 
0 0 0.606445 0 0 0 10.0859 0 
0 0 0 5.35938 0 0 3.98438 4.10938 
0 0.554199 0 9.1875 0 0 2.53711 4.66016 
0 1.66699 0 0.119873 2.05664 0 4.5625 0.791504 
0 3.1582 0 0 0.71875 0 0 0 
0 4.80859 0 0 0 0 0 0 
0 5.20703 0 0 0 0 0 0 
0 7.87109 0 0 0 0 0 0 
0 9.66406 8.6875 0 0 0 0 0 
0 10.9297 15.3984 0 0 0 0 0 
0 12.4688 22.1562 0 0 0 0.112427 0 
0 12.9453 21.9844 0 0 0 0 0 
0 12.25 12.2344 0 0 0 0 0 
0 16.3281 11.5859 0.854004 0 0 0 0 
0 21.3906 9.63281 2.75977 0 0 0 0 
1.57324 16.5 2.60938 2.78125 0 0 0 0 
0.79541 5.85156 0 4.97656 0 0 0 0 
0.431396 0 0 3.5 0 0 0 0 
4.98047 0 0 9.89844 0 0 0 2.45117 
6.98828 0 0 9.9375 0 0 0 0 
0.381592 1.98047 0 0 0 0 0.999023 0 
0 7.125 3.29883 0 0 0 0 0 
0 4.24609 7.78125 0 0 0 0 0 
0 0 12.1797 0 0 0 0 0 
0 0 9.625 0 0 0 0 0 
0 0 3.89844 0 0 0 4.5625 0 
0 0 0 0 0 0 5.28516 0 
0 0 0 0 0.603027 0 0 0 
0 0 0 0 0 0 0 0 
0 0 0 0 0 0 0 0 
0 0 0 0 0 0 0 0 
0 0 0 0 0 0 0 0 
0 4.07812 0 0 0 0 5.38281 0 
0 7.95703 0 0 0 0 15.7109 0 
0 6.6875 0.702637 0 0 0 26.0625 0 
0 0 4.26562 0 0 0 28.1719 0 
0 0 3.66992 0 0 0 22.3438 0 
0.447754 0 3.01953 0 0 0 12.4453 0 
0.712402 0 14.1797 0 0 0 8.52344 0 
1.44922 0 22.2812 0 0 0 7.99609 1.92676 
4.07031 4.54297 18.8281 0 0 2.4043 10.9922 2.67578 
4.94922 4.05078 6.98828 5.40234 0 2.05078 14.2656 3.92773 
5.30859 3.05273 0 9.14844 0 0 13.5 8 
5.90234 1.21484 0 10.6172 0 0 7.86719 11.5312 
4.41797 1.38379 0 6.00391 0 0 3.92969 11.0703 
0 4.97266 0 0 0 0 2.61523 7.58203 
0 8.77344 0 0 0 0 0 2.94922 
0 9.03125 0 0 0 0 0 0 
0 5.21094 0 0 0 0 0 0 
0 2.66602 0 0 1.45312 0.51123 0 0 
0 1.69727 2.21484 0 1.55469 2.47656 0 0 
0 3.78711 8.82031 0 0 11 0 0 
0 6.39844 15.5938 0 0 11.9453 0 0 
0 7.08984 16.6406 0 0 4.22656 0 0 
0 3.94336 7.73828 3.28125 0 0 0 0 
0 3.30273 9.24219 8.52344 0 0 0 0 
2.30078 4.96484 13 7.40625 0 0 0 0 
0.762207 1.08594 12.7422 5.78125 0 0 0 0 
0 0 1.57227 8.30469 0 0 0 0 
0.31543 0 0 2.83789 0 0 0 0 
11.1562 0 0 11.0938 0 0 0 2.63672 
9.04688 0 0 6.84375 0 0 0 0 
0 5.69141 0 0 0 0 0 0 
0 9.54688 0 0 0 0 0 0 
0 7.19922 6.80859 0 0 0 0 0 
0 0.27124 11.4219 0 0 0 0 3.33594 
0 0 5.70703 0 0 0 0 2.30273 
0 0 0.177979 0 0 0 0.751953 0 
0 0 0 0 0.222534 0 3.88477 0 
0 0 0 0 2.07812 0 0.528809 0 
0 0 0 0 0 0 0 0 
0 0 0 0 0 0 0 0 
0 0 0 3.77539 0 0 0 0 
0 0 0 2.5625 0 0 0 0 
0 0 0 0 0 0 0 0 
0 1.59766 0 0 0 0 7.66406 0 
0 0.445068 0 0 0 0 16.1719 0 
0 0 0 0 0 0 16.2969 0 
0 0 0 0 0 0 11.2969 0 
0 0 0 0 0 0 5.15234 0 
0 0 4.92188 0 0 0 4.8125 0 
0 0 10.9766 0 0 0 6.07812 0.282471 
0 5.05469 7.94922 2.71094 0 0 8.40625 3.54102 
2.66602 6.25 0 9.29688 0 0 10.9375 7.45703 
5.83203 6.66406 0 9.82812 0 0 8.75781 11.7109 
5.82812 6.53125 0 5.88281 0 0 1.76465 13.875 
3.21094 8.58594 0 2.625 0 0 0 12.4219 
0 12.2812 0 0 0 0 0 8.52344 
0 13.0703 0 0 0 2.33203 0 2.30664 
0 10.2812 0 0 0 7.0625 0 0 
0 4.15234 0 0 0 14.0781 0 0 
0 0.733398 0 0 0.833984 20.3281 0 0 
0 0 0 0 0 20.8906 0 0 
0 0.0723877 0 0 0 22.9531 0 0 
0 1.53809 7.63281 0 0 20.75 0 1.31543 
0 1.97559 10.625 0.0986938 0 13.4453 0 2.21875 
0 0 8.33594 6.69922 0 3.66016 0 2.55078 
1.8623 0 10.9609 8.89062 0 0 0 1.33105 
5.02344 0 16.8281 6.23828 0 0 0 0 
0.240967 0 19.5625 6.05078 0 0 0 0 
0 0 9.10938 8.39062 0 0 0 0 
0 0 1.02637 1.14355 0 0 0 0 
13.0703 0.181763 0 8.47656 0 0 0 6.48047 
7.59766 4.98047 0 1.3623 0 0 0 0 
0 8.70312 0 0 0 0 0 0 
0 10.8828 0 0 0 0 0 0 
0 9.35938 0 0 0 0 0 0 
0 2.04492 0 0 0 0 0 6.46484 
0 0 0 0 0 0 0 0.958496 
0 0 0 0 0 0 1.94043 0 
0 0 0 0 0 0 3.49023 0 
0 0 0 0 0 1.26855 1.06543 0 
0 0 9.42188 0 0 0 0 0 
0 0 9.85156 0 0.168091 0 0 0 
0 0 2.74023 4.6875 0 0 0.788086 0 
0 0 0 7.14844 0 0 0 0 
0 0 0 0 0 0 0 0 
0 0 0 0 0 0 0.498535 0 
0 0 0 0 0 1.02637 8.30469 0 
0 0 0 0 0 0 7.60938 0 
0 0 0 0 0 0 4.30859 0 
0 0 0 0 0 0 2.4043 3.22266 
0 0 0 0 0 0 4.01562 0 
0 0 5.88281 0 0 0 5.12891 0 
0 0 5.41406 0 0 0 6.55078 0.145752 
0 0.8125 0 0 0 0 8.69531 3.05469 
0 4.73828 0 0 0 0 6.07812 6.35156 
3.45898 8.65625 0 0 0.310791 0 0 7.78906 
3.14453 11.875 0 0 0.915527 0 0 4.45312 
0 14.0156 0 0 0 1.08301 0 0.935547 
0 12.3984 0 0 0 1.50195 0 0 
0 7.85938 0 0 0 0.100281 0 0 
0 1.82617 0 0 0 1.35742 0 0 
0 0 0 0 0 4.65234 0 0 
0 0 0 0 0 3.72461 0 0 
0 0 0 0 0 4.19141 0 0 
2.79688 0 0 0 0 4.47656 0 0 
5.40234 0 1.38477 0 0 2.49219 0 0 
3.29297 0 2.90039 2.93555 0 0 0 0 
1.87891 0 6.03516 3.1543 0 0 0 0 
4.07031 0 12.2422 0.818359 0 0 0 0 
0 0 16.625 2.78125 0 0 0 0 
0 0 8.8125 3.875 0 0 0 0 
0 0 2.64258 0 0 0 0 0 
11.1016 2.64062 0 6.09375 0 0 0 5.00391 
6.15234 5.72266 0 0 0 0 0 0 
0 8.53125 0 0 0 0 0 0 
0 10.1562 0 0 0 0 0 0 
0 9.73438 0 0 0 0 0 1.01953 
0 4.89453 0 0 0 0 0 7.37109 
0 0 0 0 0 0 0 0 
0 0 0 1.15039 0 0 1.45117 0 
0 0 0 0.564453 0 0 2.34961 0 
0 0 0 0 0 0 0 0 
0 0 4.07422 0 0 0 0 0 
0 0 18.0469 0 0 0 0 0 
0 0 26.3594 0 0 0 0 0 
0 0 16.8594 0 0 0 0 0 
0 0 0 0 0 0 0 0 
0 0 0 0 0 0 0 0 
0 0 0 0 1.74512 0 0.347656 0 
0 0 3.63477 0 7.87109 0 0.950684 0 
0 0 0 0 0 0 0.269287 0 
0 0 0 0 0 0 1.28906 0 
0 0 1.93945 0 0 0 3.42383 0 
0 0 5.73047 0 0 0 3.49609 0 
0 0 6.35938 0 0 0 3.13477 0 
0 1.98535 4.53516 0 0 0 3.66602 0 
0 6.04688 0 0 0.0186005 0 1.52344 0 
0 8.14062 0 0 4.67188 0 0 0 
0 8.55469 0 0 4.82031 0.921875 0 0 
0 9.02344 0 0 2.86719 0 0 0 
0 6.73438 0 0 0 0 0 0 
0 3.92969 0 0 0 0 0 0 
0 1.25977 0 0 0 0 0 0 
0 0 0 0 0 0 0 0 
0 0 0 0 0 0 0 0 
0.480957 0 0 0 0 0 0 0 
1.68066 0 0 0 0 0 0 0 
2.36719 0 0 0 0 0 0 0 
1.02734 0 0 0 0 0 0 0 
0 0 2.35938 0 0 0.889648 0 0 
0.820312 0 10.0547 0 0 5.31641 0 0 
0 0 13.5625 0 0 2.56445 0 0 
0 0 6.0625 0 0 0 0 0 
0 0 3.25977 0 0 0 0 0 
11.7266 5.18359 0 8.64062 0 0 0 1.57715 
12.2812 5.85938 0 6.14062 0 0 0 0 
5.82031 7.45312 0 0 0 0 0 0 
0 8.45312 0 0 0 0 0 0 
0.969238 9.32031 0 0 0 0 0 4.83984 
0 7.67969 0 0 0 0 0 13.1016 
0 5.11719 0 0 2.35742 0 1.57227 7.90625 
0 2.0293 0 0 1.22852 0 3.96875 0 
0 0.251221 0 4.33984 0 0 6.26172 0 
0 0 0 1.08008 0 0 1.87988 0 
0 0 0 0 0 0 0 0 
0 0 0 0 0 0 0 0 
0 0 1.95703 0 0 0 0 0 
0 0 6.25781 0 0 0 0 0 
0 0 0 0 0 0 0 0 
0 0 0 0 0 0 0 0 
0 0 0 0 0 0 0 0 
0 0 3.71484 0 1.54102 0 0 0 
0 0 1.42773 0 0 0 0 0 
0 0 0 0 0 0 0 0 
0 0 0 0 0 0 1.80176 0 
0 0 0 0 0 0 0.800293 0 
0 0 0.414062 0 0 0 0 0 
0 1.2998 1.25293 0 1.86719 0 0 0 
0 5.13672 0 0 5.33984 0 0 0 
0 6.54297 0 0 8.48438 1.71973 0 0 
0 5.92578 0 0 7.89453 0.003582 0 0 
0 6.40625 0 0 4.59766 0 0 0 
0 6.30078 0 0 0 0 0 0 
0 4.29297 0 0 0 0 0 0 
0 1.15039 0 0 0 0 0 0 
0 0 0 0 0 0 0 0 
0 0 0 0 0 0 0 0 
0 0 0 0 0 0 0 0 
0 0 0 0 0 0 0 0 
0 0 0 0 0 0 0 0 
0 0 0 0 0 0.462891 2.62695 0 
0 0 2.99805 0 0.208862 5.4375 1.47559 0 
0 0 12.9297 0 0 6.88281 0 0 
0 0 14.1406 0 0 2.16211 0 0 
0 0 5.75391 0 0 0 0 0 
0 0 1.16602 0 0 0 0 0 
12.6016 6.54688 0 9.52344 0 0 0 1.66504 
15.8594 4.69141 0 9.10938 0 0 0 0 
11.7031 4.84766 0 3.5293 0 0 0 0 
4.84766 6.73828 0 1.80664 0 0 0 0 
4.85156 10.4766 0 0 0 0 0 5.84766 
0 12.0781 0 0 0 0 0 14.9688 
0 11.0938 0 0 5.10938 0 0 11.7578 
0 5.98438 0 0 4.76953 0 0 1.63477 
0 0.941895 0 12.0547 0 0 3.50586 0 
0 0 0 11.0391 0 0 3.67969 0 
0 0 0 1.96191 0 0 0 0 
0 0 0 0 0 0 0 0 
0 0 0 0 0 0 0 0 
0 0 0 0 0 0 0 0 
0 0 0 0 0 0 0 0 
0 0 0 0 0 0 0 0 
0 0 0 0 0 0 0.0279999 0 
0 0 0 0 0 0 1.27051 0 
0 0 0 0 0 0 0.926758 0 
0 0 0 0 0 0 1.08984 0 
0 0 0 0 0 0 1.95801 0 
0 0 0 0 0 0 0 0 
0 0 0 0 3.125 0 0 0 
0 0 0 0 5.95312 0 0 0 
0 0.395264 0 0 6.16797 3.20898 0 0 
0 1.90625 0 0 7 4.70312 0 0 
0 1.66699 0 0 5.85156 1.84082 0 0 
0 2.80469 0 0 2.20117 0 0 0 
0 3.58594 0 0 0 0 0 0 
0 2.42188 0 0 0 0 0 0 
0 0 0 0 0 0 0 0 
0 0 0 0 0 0 2.67578 0 
0 0 0 0 0 0 5.35547 0 
0 0 0 0 0 0 5.07422 0 
0 0 0 0 0 0 5.58594 0 
0 0 0 0 0 0.664062 8.10938 0 
0 0 2.80078 0 0 7.03906 8.45312 0 
0 0 10.7891 0 1.35742 9.21094 5.08984 0 
0 0 17.6875 0 0 6.82812 0 0 
0 0 13.7266 0 0 2.39648 0 0 
0 0 3.01953 0 0 0 0 0 
0 1.54785 0 0 0 0 0 0 
8.6875 6.00391 1.10449 9.17188 0 0 0 0.586426 
13.1797 3.11914 0 10.2031 0 0 0 0 
9.64844 2.98438 0 7.11719 0 0 0 0 
5.44141 5.25391 0 5.64844 0 0 0 0 
4.16406 8.63281 0 0.931641 0 0 0 5.62109 
1.7959 11.5234 0 0 0.338135 0 0 12.4375 
0 11.0078 0 0 3.28125 0 0 8.53125 
0 5.16797 1.03516 0 2.4043 0 0 2.25 
1.99512 0 0 17.4531 0 0 0 0 
1.40723 0 0 22.9219 0 0 0 0 
0 0.0674438 0 7.92188 0 0 0 0 
0 0 0 0 0 0 0 0 
0 0 0 0 0 0 0 0.472412 
0 0 0 0 0 0 0 8.16406 
0 0 0 0 0 0 0 3.09375 
0 0 0 0 0 0 0 0 
0 0 0 0 0 0 2.23633 0 
0 0 0 0 0 0 5.65625 0 
0 0 0 0 0 0 4.34375 0 
0 0 0 0 0 0 2.46484 2.65625 
0 0 0 0 0 0 0.649414 1.18652 
0 0 0 0 0 0 0 0 
0 0 0 0 1.07227 0 0 0 
0 0 0 0 2.48633 0 0 0 
0 0 0 0 1.8877 0.100281 0 0 
0 0 0 0 1.15332 0 0 0 
0 0 0 0 0.208862 0 0 0 
0 0 0 0 0 0 0 0 
0 0 0 0 0 0 0 0 
0 0 0 0 0 0 0 0 
0 0 0 0 0 0 0 0 
0 0 0 0 0 0 0.950684 0 
0 0 0 0 0 0 1.98242 0 
0 0 0 0 0 0 0 0 
0 0 0 0 0 0 0 0 
0 0 0 0 0 0 0 0 
0 0 3.78906 0 0 6.98438 2.09766 0 
0 0 9.17969 0 0.0661621 7.71875 0.938965 0 
0 0 12.9688 0 0 3.5 0 0 
0 0 7.58203 0 0 0 0 0 
0 0 0 0 0 0 0 0 
0 1.83594 0 0 0 0 0 0 
3.13672 4.88281 0 3.33789 0 0 0 0 
5.78516 1.83105 0 2.58984 0 0 0 0 
4.1875 1.38867 0 0 0 0 0 0 
2.94727 2.26367 0 0 0 0 0 0 
1.65527 3.56445 0 0 0 0 0 5.55859 
3.69922 4.95312 0 0 0 0 0 9.44531 
5.53125 4.38672 0 0 0 0 0 5.42578 
4.73828 0.415283 0 0 0 0 0 2.67188 
8.76562 0 0 13.3516 0 2.00195 0 0 
13.0703 0 0 25.4375 0 0 0 0 
5.50781 0 0 13.8516 0 0 0 0 
0 3.33203 0 0 0 0 0 0 
0 5.78516 0 0 0 0 0 2.08203 
0 5.78906 0 0 0 0 0 13.0078 
0 0.0873413 0 0 0 0 0 14.9062 
0 0 0 0 0 0 0 10.2656 
0 0 0 0 0 0 0 0 
0 0 0 0 0 0 0 0 
0 0 0 0 0 0 0 0 
0 0 0 0 0 0 0 6.18359 
0 0 0 0 0 0 0 10.5938 
0 0 0 0 0 0 0 10.6016 
0 0 0 0 0 0 0 2.62891 
0 0 0 0 0 0 0 0 
0 0 0 0 0 0 0 0 
0 0 0 0 0 0 0 0 
0 0 0 0 0 0 0 0 
0 0 0 0 1.9082 0 0 0 
0 0 0 0 3.63477 0 0 0 
0 0 0 0 1.08594 0 0 0 
0 0 0 0 0 0 0 0 
0 0 0 0 0 0 0 0 
0 0 0 0 0 0 0 0 
0 0 0 0 0 0 0 0 
0 0 0 0 0 0 0 0 
0 0 0 0 0 0 0 0 
0 0 0 0 0 0 0 0 
0 0 0 0 0 0 0 0 
0 0 0.544922 0 0 0 0 0 
0 0 0 0 0 0 0 0 
0 0 0 0 0 0 0 0 
0 1.34473 0 0 0 0 0 0 
1.16797 0.350586 0 0 0 0 0 0 
1.73828 0 0 0 0 0 0 0 
0 0 0 0 0 0 0 0 
0 0 0 0 0 0 0 3.54492 
0 0 0 0 0 0 2.24219 7.05078 
0 0 0 1.21387 0 0 5.14844 6.55859 
0 0 0 0.966797 0.426514 0 2.96484 1.40625 
0 0 0 0 0 2.47656 0 0 
0.464355 0 0 2.43555 0 12.2812 0 0 
2.45898 0 0 15.3828 0 6.73047 0.878418 0 
0 0 0 13.8984 0 0 0.456299 0 
0 0 0 0 0 0 0 0 
0 0 4.46875 0 0 0 0 0 
0 0 13.0938 0 0 0 0 0.821777 
0 0 11.3984 0 0 0 0 6.08594 
0 0 2.42969 0 0 0 0 10.5938 
0 0 0 0 0 0 0 4.11328 
0 0 0 0 0 0 0 0 
0 0 0 0 0 0 0 0 
0 0 0 0 0 0 0 1.48242 
0 0 0 0 0 0 0 5.19531 
0 0 0 0 0 0 0 5.57422 
0 0 0 0 0 0 0 0 
0 0 0 0 0 0 0 0 
0 0 0 0 0 0 0 0 
0 0 0 0 0 0 0 0 
0 0 0 0 0 0 0 0 
0 0 0.0380554 0 0 0 0 0 
0 0 0 0 0 0 0 0 
0 0 0 0 0 0 0 0 
0 0 0 0 0 0 0 0 
0 0 0 0 0 0 0 0 
0 0 0 0 0 0 0 0 
0 0 0 0 0 0 0 0 
0 0 0 0 0 0 0 0 
0 0 0 0 0 0 0 0 
0 0 0 0 0 0 0 0 
0 0 0 0 0 0 0 0 
0 0 0 0 0 0 0 0 
0 0 0 0 0 0 0 0 
0 2.0293 0 0 0 0 0 0 
0 2.68555 0 0 0 0 0 0.464844 
7.45312 0.315918 0 0 0 0 0 0 
1.02734 0 0.335205 0 0 0 0 0 
0 0 0 0 0 0 0 0 
0 0 0 0 0 0 0.860352 10.8047 
0 0 0 0 0 0 4.62891 12.1875 
0 0 0 1.70117 1.12012 0 7.61328 8.14844 
0 0 0 0.769043 0.956543 0 6.92188 2.97461 
0 0 0 0 1.63574 5.35547 0 1.14062 
0.505859 0 0 0 1.81934 22.2969 0 0 
0 0 0 2.9707 0 20.9688 1.04102 0 
0 0 0 12.125 0 5.76172 1.62012 0 
0 0 0 2.39258 0 0 0 0 
0 0 0 0 0 0 0 0 
0 0 10.0312 0 0 0 0 0 
0 0 12.2734 0 0 0 0 0 
0 0 4.57031 0 0 0 0 4.09766 
0 0 0 0 0 0 0 2.71289 
0 0 0 0 0 0 0 0.533203 
0 0 0 0 0 0 0 0 
0 0 0 0 1.52051 0 0 0 
0 0 0 0 0 0 0 0 
0 0 0 1.13574 0 0 0 0 
0 0 0 0 0 0 0 0 
0 0 0 0 0 0 0 0 
0 0 0.00307083 0 0 0 0 0 
0 0 9.72656 0 0 0 0 0 
0 0 12.2578 0 2.4043 0 0 0 
0 0 9.04688 1.15723 2.11133 0 0 0 
0 0 4.01953 0.881836 3.25391 0 0 0 
0 0 0 0 2.28125 0 0 0 
0 0 0 0 0 0 0 0 
0 0 0 0 0 0 0 0 
0 0 0 0 0 0 0 0 
0 0 0 0 0 0 0 0 
0 0 0 0 0 0 0 0 
0 0 0 0 0 0 0 0 
0 0 0 0 0 0 0 0 
0 0.0674438 0 0 0 0 0 0 
0 1.9209 0.868652 0 0 0 0 0 
0 4.11719 0 0 0 0 0 0 
0 5.19922 0 0 0 0 0 0 
0 3.01367 0 0 0 0 0 2.69141 
9.82812 2.70508 0 0 0 0 0 0 
1.11816 1.39453 0 0 0 0 0 0 
0 0.877441 0 0 0 0 0 4.07031 
0 0.912109 0 0 0 0 0 13.8516 
0 0.151855 0 0 0 0 3.10352 14.3828 
0 0 0 0 0.385498 0 7.00781 9.26562 
4.12891 0 0 0 0.317627 0 8.71875 3.83789 
2.73047 0 0 0 3.11719 10.5547 2.50195 4.55078 
0 0 0 0 3.23438 28.2969 0 0.791504 
0 0 0 0 0 32.875 0 1.41797 
0.216187 0 0 9.24219 0 16.25 0 1.05762 
3.17773 0 0 3.29492 0 0 0 0 
5.52734 0 0 0 0 0 0 0 
8.67188 0 0 0 0 0 0 0 
1.12598 0 4.09375 0 0 0 0 0 
0 0 3.73633 0 0 0 0 1.49805 
0 0 0 0 0 0 0 2.56055 
0 0 0 0 0 1.26855 0 4.97656 
0 0 0 0 1.06543 0 0 0 
0 0 0 0 4.01562 0 0 0 
0 0 0 0 0.772949 0 0 0 
0 0 0 6.37109 0 0 0 0 
0 0 0 5.13672 0 0 0 0 
0 0 0 0.20459 0 0 0 0 
0 0 3.88867 0 0 0 0 0 
0 0 15.8125 0 0 0 0 0 
0 0.937012 19.2188 0 5.39062 0 0 0 
0 3.10352 15.4531 0.973633 8.03125 0 0 0 
0 2.54102 8.34375 1.6377 9.48438 0 0 0 
0 0.0624695 0.501465 2.2793 9.33594 0 0 0 
0 0 0 7.61328 5.12109 0 0 0 
0 0 0 3.71289 0 0 1.25195 0 
0 0 0 0 0 0 0 0 
0 0 0 0 0 0 0 0 
0 0 0 0 0 0 0 0 
0 5.45312 0 0 0 0 0 0 
0 9.76562 0 0 0 0 2.87109 0 
0 10.8281 5.4375 0 0 0 3.33594 0 
0 10.3594 8.51562 0 0 0 1.58398 0 
0 9.51562 3.74414 0 0 0 0.214966 0 
0 7.51172 0 0 0 0 0 6.57422 
0 3.35156 0 0 2.19336 0 0 10.7812 
