0 img_138 600 900 3 0.625 0.703125
1 img_55 600 900 3 0.625 0.703125
2 img_125 600 900 3 0.625 0.703125
3 img_73 600 900 3 0.46875 0.9375
4 img_38 600 900 3 0.23148148148148148 0.23148148148148148
5 img_110 600 900 3 1.366742596810934 1.592920353982301
6 img_201 600 900 3 1.25 1.40625
7 img_29 600 900 3 0.23148148148148148 0.23148148148148148
8 img_113 600 900 3 0.9375 1.875
9 img_207 600 900 3 0.625 0.703125
10 img_49 600 900 3 0.5 0.5625
11 img_141 600 900 3 0.625 0.703125
12 img_227 600 900 3 0.8708272859216255 0.7188498402555911
13 img_230 600 900 3 0.9375 1.875
14 img_26 600 900 3 0.23148148148148148 0.23148148148148148
15 img_87 600 900 3 0.625 0.703125
16 img_126 600 900 3 0.625 0.703125
17 img_136 600 900 3 0.625 0.703125
18 img_104 600 900 3 1.25 1.4285714285714286
19 img_137 600 900 3 0.625 0.703125
20 img_20 600 900 3 0.625 0.703125
21 img_131 600 900 3 0.625 0.703125
22 img_132 600 900 3 0.46875 0.9375
23 img_34 600 900 3 0.23148148148148148 0.23148148148148148
24 img_40 600 900 3 0.5 0.5625
25 img_178 600 900 3 1.25 1.40625
26 img_76 600 900 3 0.625 0.703125
27 img_216 600 900 3 0.625 0.703125
28 img_135 600 900 3 1.25 1.40625
29 img_222 600 900 3 0.625 0.703125
30 img_123 600 900 3 0.625 0.703125
31 img_204 600 900 3 1.25 1.40625
32 img_212 600 900 3 1.25 1.40625
33 img_198 600 900 3 0.5946481665014867 1.3254786450662739
34 img_174 600 900 3 1.25 1.40625
35 img_211 600 900 3 0.625 0.703125
36 img_37 600 900 3 0.5 0.5625
37 img_9 600 900 3 1.0 1.875
38 img_39 600 900 3 0.15432098765432098 0.3472222222222222
39 img_172 600 900 3 1.25 1.40625
40 img_18 600 900 3 1.25 1.40625
41 img_50 600 900 3 1.25 1.40625
42 img_219 600 900 3 0.625 0.703125
43 img_6 600 900 3 1.25 1.40625
44 img_142 600 900 3 0.625 0.703125
45 img_75 600 900 3 0.46875 0.9375
46 img_179 600 900 3 1.25 1.40625
47 img_77 600 900 3 0.625 0.703125
48 img_58 600 900 3 0.625 0.703125
49 img_10 600 900 3 0.23148148148148148 0.23148148148148148
50 img_105 600 900 3 1.25 1.40625
51 img_60 600 900 3 0.625 0.703125
52 img_4 600 900 3 0.23148148148148148 0.23148148148148148
53 img_162 600 900 3 1.25 1.40625
54 img_57 600 900 3 1.25 1.40625
55 img_63 600 900 3 0.625 0.703125
56 img_231 600 900 3 0.5 0.5625
57 img_225 600 900 3 0.625 0.703125
58 img_170 600 900 3 1.25 1.40625
59 img_69 600 900 3 0.625 0.703125
60 img_41 600 900 3 1.25 1.40625
61 img_232 600 900 3 0.23148148148148148 0.23148148148148148
62 img_54 600 900 3 0.625 0.703125
63 img_97 600 900 3 0.625 0.703125
64 img_48 600 900 3 0.625 0.703125
65 img_28 600 900 3 1.25 1.40625
66 img_167 600 900 3 1.25 1.40625
67 img_52 600 900 3 1.183431952662722 0.7036747458952306
68 img_181 600 900 3 0.625 0.703125
69 img_205 600 900 3 1.25 1.40625
70 img_177 600 900 3 1.25 1.40625
71 img_90 600 900 3 0.9375 1.875
72 img_213 600 900 3 0.625 0.703125
73 img_112 600 900 3 1.4457831325301205 1.40625
74 img_13 600 900 3 0.9375 1.875
75 img_103 600 900 3 1.25 1.40625
76 img_155 600 900 3 0.9375 1.875
77 img_31 600 900 3 1.25 1.40625
78 img_176 600 900 3 1.25 1.40625
79 img_44 600 900 3 0.23148148148148148 0.23148148148148148
80 img_173 600 900 3 2.027027027027027 2.4324324324324325
81 img_208 600 900 3 0.625 0.703125
82 img_122 600 900 3 1.1928429423459244 1.875
83 img_121 600 900 3 1.25 1.40625
84 img_89 600 900 3 0.625 0.703125
85 img_169 600 900 3 1.284796573875803 2.535211267605634
86 img_1 600 900 3 0.46875 0.9375
87 img_46 600 900 3 1.25 1.40625
88 img_27 600 900 3 0.23148148148148148 0.23148148148148148
89 img_30 600 900 3 0.625 0.703125
90 img_99 600 900 3 0.625 0.703125
91 img_96 600 900 3 0.625 0.703125
92 img_59 600 900 3 0.625 0.703125
93 img_150 600 900 3 0.625 0.703125
94 img_108 600 900 3 1.25 1.40625
95 img_220 600 900 3 0.46875 0.9375
96 img_94 600 900 3 0.625 0.703125
97 img_214 600 900 3 0.625 0.703125
98 img_117 600 900 3 1.3392857142857142 1.41287284144427
99 img_202 600 900 3 1.25 1.40625
100 img_139 600 900 3 0.625 0.703125
101 img_175 600 900 3 1.25 1.40625
102 img_84 600 900 3 0.625 0.703125
103 img_35 600 900 3 1.25 1.40625
104 img_134 600 900 3 0.625 0.703125
105 img_64 600 900 3 0.625 0.703125
106 img_218 600 900 3 0.625 0.703125
107 img_115 600 900 3 1.25 1.40625
108 img_153 600 900 3 1.25 1.4729950900163666
109 img_180 600 900 3 0.46875 0.9375
110 img_65 600 900 3 0.625 0.703125
111 img_156 600 900 3 1.25 1.40625
112 img_152 600 900 3 1.25 1.40625
113 img_19 600 900 3 0.5 0.5625
114 img_67 600 900 3 0.625 0.703125
115 img_188 600 900 3 1.25 1.40625
116 img_95 600 900 3 0.625 0.703125
117 img_100 600 900 3 0.6256517205422315 1.0882708585247884
118 img_200 600 900 3 1.25 1.40625
119 img_114 600 900 3 1.25 1.40625
120 img_226 600 900 3 0.625 0.703125
121 img_88 600 900 3 0.625 0.703125
122 img_186 600 900 3 0.625 0.703125
123 img_195 600 900 3 1.3071895424836601 1.9230769230769231
124 img_53 600 900 3 1.7291066282420748 0.7036747458952306
125 img_217 600 900 3 0.625 0.703125
126 img_68 600 900 3 1.25 1.40625
127 img_2 600 900 3 0.9375 1.875
128 img_70 600 900 3 0.625 0.703125
129 img_5 600 900 3 1.25 1.40625
130 img_192 600 900 3 1.25 1.40625
131 img_120 600 900 3 1.25 1.40625
132 img_72 600 900 3 0.625 0.703125
133 img_98 600 900 3 0.625 0.703125
134 img_129 600 900 3 0.625 0.703125
135 img_203 600 900 3 1.25 1.40625
136 img_128 600 900 3 3.0 2.5714285714285716
137 img_36 600 900 3 0.9375 1.875
138 img_91 600 900 3 0.625 0.703125
139 img_33 600 900 3 1.25 1.40625
140 img_45 600 900 3 0.23148148148148148 0.23148148148148148
141 img_130 600 900 3 0.625 0.703125
142 img_148 600 900 3 0.46875 0.9375
143 img_25 600 900 3 2.2813688212927756 1.6791044776119404
144 img_92 600 900 3 0.625 0.703125
145 img_43 600 900 3 1.25 1.40625
146 img_106 600 900 3 1.466992665036675 1.565217391304348
147 img_209 600 900 3 0.8759124087591241 1.2048192771084338
148 img_119 600 900 3 1.25 1.40625
149 img_62 600 900 3 0.625 0.703125
150 img_171 600 900 3 1.25 1.40625
151 img_197 600 900 3 1.3824884792626728 1.5254237288135593
152 img_127 600 900 3 0.625 0.703125
153 img_206 600 900 3 0.625 0.703125
154 img_118 600 900 3 1.25 1.40625
155 img_78 600 900 3 0.625 0.703125
156 img_144 600 900 3 0.625 0.703125
157 img_93 600 900 3 0.625 0.8100810081008101
158 img_61 600 900 3 0.625 0.703125
159 img_140 600 900 3 0.625 0.703125
160 img_15 600 900 3 1.25 1.40625
161 img_184 600 900 3 0.625 0.703125
162 img_229 600 900 3 0.23148148148148148 0.23148148148148148
163 img_194 600 900 3 1.5873015873015872 1.408450704225352
164 img_159 600 900 3 1.25 1.40625
165 img_224 600 900 3 0.625 0.703125
166 img_193 600 900 3 0.625 0.703125
167 img_146 600 900 3 1.25 1.40625
168 img_83 600 900 3 0.625 0.703125
169 img_157 600 900 3 0.9375 1.875
170 img_24 600 900 3 0.9375 1.875
171 img_14 600 900 3 1.25 1.40625
172 img_111 600 900 3 1.293103448275862 1.5873015873015872
173 img_151 600 900 3 0.9375 1.875
174 img_196 600 900 3 1.0471204188481675 2.5139664804469275
175 img_233 600 900 3 1.25 1.40625
176 img_81 600 900 3 0.625 0.703125
177 img_102 600 900 3 1.4814814814814814 1.9607843137254901
178 img_86 600 900 3 0.625 0.703125
179 img_210 600 900 3 0.7017543859649122 0.7036747458952306
180 img_165 600 900 3 1.25 1.40625
181 img_17 600 900 3 0.23148148148148148 0.23148148148148148
182 img_161 600 900 3 1.0507880910683012 1.8789144050104385
183 img_191 600 900 3 1.25 1.40625
184 img_183 600 900 3 0.4694835680751174 1.5228426395939085
185 img_101 600 900 3 0.9375 1.875
186 img_32 600 900 3 1.25 1.40625
187 img_80 600 900 3 0.625 0.703125
188 img_154 600 900 3 0.9375 2.0930232558139537
189 img_166 600 900 3 1.3729977116704806 1.5817223198594024
190 img_8 600 900 3 0.5 0.5625
191 img_199 600 900 3 0.5752636625119847 1.1627906976744187
192 img_223 600 900 3 0.9375 1.875
193 img_133 600 900 3 0.625 0.703125
194 img_160 600 900 3 1.25 1.40625
195 img_82 600 900 3 0.625 0.703125
196 img_11 600 900 3 1.25 1.40625
197 img_12 600 900 3 0.23148148148148148 0.23148148148148148
198 img_3 600 900 3 1.25 1.40625
199 img_163 600 900 3 1.25 1.6245487364620939
200 img_74 600 900 3 0.46875 0.9375
201 img_215 600 900 3 0.625 0.703125
202 img_7 600 900 3 1.25 1.40625
203 img_124 600 900 3 0.9375 1.875
204 img_116 600 900 3 0.9375 1.875
205 img_190 600 900 3 0.9375 1.875
206 img_21 600 900 3 1.25 1.40625
207 img_145 600 900 3 0.625 0.703125
208 img_22 600 900 3 1.25 1.40625
209 img_143 600 900 3 0.625 0.703125
210 img_187 600 900 3 2.0618556701030926 0.9793253536452666
211 img_221 600 900 3 0.46875 0.9375
212 img_164 600 900 3 0.9375 1.875
213 img_189 600 900 3 1.3392857142857142 1.40625
214 img_147 600 900 3 0.625 0.703125
215 img_42 600 900 3 1.25 1.40625
216 img_107 600 900 3 2.0134228187919465 1.5957446808510638
217 img_158 600 900 3 1.25 1.40625
218 img_16 600 900 3 0.23148148148148148 0.23148148148148148
219 img_56 600 900 3 0.625 0.703125
220 img_168 600 900 3 1.25 1.40625
221 img_228 600 900 3 1.147227533460803 1.3062409288824384
222 img_79 600 900 3 1.25 1.40625
223 img_71 600 900 3 0.625 0.703125
224 img_51 600 900 3 0.46875 0.9375
225 img_66 600 900 3 0.46875 0.9375
226 img_182 600 900 3 0.46875 0.9375
227 img_23 600 900 3 0.23148148148148148 0.23148148148148148
228 img_149 600 900 3 0.46875 0.9375
229 img_109 600 900 3 1.25 1.40625
230 img_47 600 900 3 1.2 0.9424083769633508
231 img_85 600 900 3 0.625 0.703125
232 img_185 600 900 3 0.6263048016701461 0.896414342629482