-0.494385 -0.292236 0.98291 -0.223999 0.547363 0.493652 -0.724609 -1.12109 -0.678223 2.93555 0.390381 0.468506 -0.60791 0.351318 -0.451904 0.258789 -0.0367126 -0.156006 -0.769043 -0.456787 0.258789 -0.0367126 -0.156006 -0.769043 -0.456787 0.258789 -0.0367126 -0.156006 -0.769043 -0.456787 0.258789 -0.0367126 -0.156006 -0.769043 -0.456787 
-0.544922 -0.137085 1.03516 -0.14502 0.501953 0.472168 -0.890625 -0.937012 -0.562012 2.99609 0.390381 0.468506 -0.60791 0.351318 -0.451904 0.318115 0.0119171 -0.173218 -0.703613 -0.41626 0.318115 0.0119171 -0.173218 -0.703613 -0.41626 0.318115 0.0119171 -0.173218 -0.703613 -0.41626 0.318115 0.0119171 -0.173218 -0.703613 -0.41626 
-0.785645 -0.534668 0.61377 -0.599609 0.074646 0.0966187 -0.290283 -0.820312 -0.709473 1.68555 0.378418 0.479248 -0.578613 0.359619 -0.493896 0.207764 0.417236 -0.270996 -0.584961 -0.52002 0.207764 0.417236 -0.270996 -0.584961 -0.52002 0.207764 0.417236 -0.270996 -0.584961 -0.52002 0.207764 0.417236 -0.270996 -0.584961 -0.52002 
-0.0977783 -0.373047 1.28418 0.0825806 0.984375 1.02344 -1.12598 -0.576172 -0.634766 2.55273 0.390381 0.468506 -0.60791 0.351318 -0.451904 -0.00522232 -0.0980225 -0.100098 -0.797363 -0.132812 -0.00522232 -0.0980225 -0.100098 -0.797363 -0.132812 -0.00522232 -0.0980225 -0.100098 -0.797363 -0.132812 -0.00522232 -0.0980225 -0.100098 -0.797363 -0.132812 
-0.543457 -0.388916 1 -0.26001 1.26074 1.45117 -0.845215 -0.451172 -1.59082 1.39941 0.467285 0.541504 -0.594727 0.356201 -0.522949 -0.1604 0.207397 -0.275635 -0.649414 -0.303223 -0.1604 0.207397 -0.275635 -0.649414 -0.303223 -0.1604 0.207397 -0.275635 -0.649414 -0.303223 -0.1604 0.207397 -0.275635 -0.649414 -0.303223 
-0.623535 -0.476074 0.447754 -0.147339 1.13867 0.660645 -1.14062 -0.251465 -1.13184 1.41211 0.390381 0.468506 -0.60791 0.351318 -0.451904 -0.12561 0.195068 -0.337646 -0.583984 -0.507324 -0.12561 0.195068 -0.337646 -0.583984 -0.507324 -0.12561 0.195068 -0.337646 -0.583984 -0.507324 -0.12561 0.195068 -0.337646 -0.583984 -0.507324 
-0.0351868 -0.655273 0.320312 -0.226196 0.170532 -0.0371704 -0.434326 -0.880859 -0.557617 0.786133 0.42749 0.491211 -0.552734 0.352295 -0.506348 -0.121521 0.25708 -0.16626 0.0396118 -0.350098 -0.121521 0.25708 -0.16626 0.0396118 -0.350098 -0.121521 0.25708 -0.16626 0.0396118 -0.350098 -0.121521 0.25708 -0.16626 0.0396118 -0.350098 
-0.534668 -0.390869 1.0791 -0.424072 0.905273 0.285645 -1.00293 -0.515137 -0.401123 2.33398 0.390381 0.468506 -0.60791 0.351318 -0.451904 -0.0794678 -0.166016 0.0895996 -0.650879 -0.227661 -0.0794678 -0.166016 0.0895996 -0.650879 -0.227661 -0.0794678 -0.166016 0.0895996 -0.650879 -0.227661 -0.0794678 -0.166016 0.0895996 -0.650879 -0.227661 
-0.874023 -0.098938 0.22644 -0.643555 0.131836 0.117249 -0.00251389 0.0596924 0.19751 0.68457 0.440918 0.503906 -0.578613 0.383789 -0.482422 0.0334167 0.352783 -0.297363 -0.398193 -0.397705 0.0334167 0.352783 -0.297363 -0.398193 -0.397705 0.0334167 0.352783 -0.297363 -0.398193 -0.397705 0.0334167 0.352783 -0.297363 -0.398193 -0.397705 
-0.666992 -0.349121 1.53418 -0.618652 1.1377 0.4375 -0.962402 -0.672363 -0.407959 2.5332 0.390381 0.468506 -0.60791 0.351318 -0.451904 0.0320129 -0.29126 -0.107056 -0.84375 -0.0876465 0.0320129 -0.29126 -0.107056 -0.84375 -0.0876465 0.0320129 -0.29126 -0.107056 -0.84375 -0.0876465 0.0320129 -0.29126 -0.107056 -0.84375 -0.0876465 
-1.11426 -0.408203 -0.0198364 -0.458252 0.413818 0.14917 -0.117615 -0.081665 0.0115967 0.813477 0.407227 0.563965 -0.58252 0.276855 -0.509766 -0.235474 0.373535 -0.171387 -0.30957 -0.516113 -0.235474 0.373535 -0.171387 -0.30957 -0.516113 -0.235474 0.373535 -0.171387 -0.30957 -0.516113 -0.235474 0.373535 -0.171387 -0.30957 -0.516113 
-0.66748 -0.457764 1.25879 -0.406006 1.07031 0.640137 -1.01758 -0.746094 -0.375244 2.37305 0.390381 0.468506 -0.60791 0.351318 -0.451904 -0.110535 -0.236572 -0.00502014 -0.817383 -0.117371 -0.110535 -0.236572 -0.00502014 -0.817383 -0.117371 -0.110535 -0.236572 -0.00502014 -0.817383 -0.117371 -0.110535 -0.236572 -0.00502014 -0.817383 -0.117371 
-0.0179901 -0.286377 1.17285 -0.329834 0.800293 0.429932 -1.16406 -0.592285 -0.476318 2.66797 0.501953 0.563965 -0.536621 0.426025 -0.585938 0.157715 -0.120483 -0.0849609 -0.832031 -0.219727 0.157715 -0.120483 -0.0849609 -0.832031 -0.219727 0.157715 -0.120483 -0.0849609 -0.832031 -0.219727 0.157715 -0.120483 -0.0849609 -0.832031 -0.219727 
-0.0733032 -0.368896 1.48145 0.0536499 0.863281 0.870605 -1.04102 -0.731934 -0.519531 2.55469 0.390381 0.468506 -0.60791 0.351318 -0.451904 -0.0147171 -0.0648804 -0.0239105 -0.785156 -0.0237274 -0.0147171 -0.0648804 -0.0239105 -0.785156 -0.0237274 -0.0147171 -0.0648804 -0.0239105 -0.785156 -0.0237274 -0.0147171 -0.0648804 -0.0239105 -0.785156 -0.0237274 
-1.26562 -0.380859 0.696777 -0.883301 0.223877 -0.0835571 -0.289062 -0.00311661 0.61377 1.04688 0.390381 0.468506 -0.60791 0.351318 -0.451904 0.031189 0.167236 -0.150146 -0.513672 -0.238037 0.031189 0.167236 -0.150146 -0.513672 -0.238037 0.031189 0.167236 -0.150146 -0.513672 -0.238037 0.031189 0.167236 -0.150146 -0.513672 -0.238037 
-0.435791 -0.373535 0.86377 -0.298096 1.14453 0.97998 -1.33398 -0.59668 -0.734375 2.05078 0.390381 0.468506 -0.60791 0.351318 -0.451904 0.0918579 -0.0878296 -0.128052 -0.812012 -0.190186 0.0918579 -0.0878296 -0.128052 -0.812012 -0.190186 0.0918579 -0.0878296 -0.128052 -0.812012 -0.190186 0.0918579 -0.0878296 -0.128052 -0.812012 -0.190186 
-0.557129 -0.629883 0.86377 -0.0897217 0.526367 0.974121 -0.57959 -0.44751 -1.03125 2.00586 0.390381 0.468506 -0.60791 0.351318 -0.451904 -0.186157 0.224121 -0.00915527 -0.410645 -0.606934 -0.186157 0.224121 -0.00915527 -0.410645 -0.606934 -0.186157 0.224121 -0.00915527 -0.410645 -0.606934 -0.186157 0.224121 -0.00915527 -0.410645 -0.606934 
-0.380127 -0.409912 1.00293 -0.104919 0.983398 0.655762 -0.830566 -0.734863 -0.786621 2.17969 0.473877 0.504883 -0.586914 0.365479 -0.499023 -0.0936279 -0.17334 -0.0408325 -0.621094 -0.184326 -0.0936279 -0.17334 -0.0408325 -0.621094 -0.184326 -0.0936279 -0.17334 -0.0408325 -0.621094 -0.184326 -0.0936279 -0.17334 -0.0408325 -0.621094 -0.184326 
-0.925781 -0.842773 0.70166 -1.34473 0.916504 0.479736 -0.831543 -0.413818 -0.384277 1.55957 0.437988 0.507324 -0.552734 0.354248 -0.526367 -0.280518 0.352051 0.0340881 -0.339111 -0.696289 -0.280518 0.352051 0.0340881 -0.339111 -0.696289 -0.280518 0.352051 0.0340881 -0.339111 -0.696289 -0.280518 0.352051 0.0340881 -0.339111 -0.696289 
0.0756836 -0.302734 0.985352 0.053833 0.967285 1.29492 -1.67188 -0.615723 -1.1084 2.00391 0.390381 0.468506 -0.60791 0.351318 -0.451904 0.218506 0.131836 -0.15332 -0.786621 -0.248169 0.218506 0.131836 -0.15332 -0.786621 -0.248169 0.218506 0.131836 -0.15332 -0.786621 -0.248169 0.218506 0.131836 -0.15332 -0.786621 -0.248169 
-0.444336 -0.0810547 0.839844 -0.630371 0.548828 -0.326904 -0.889648 -1.08008 -0.528809 1.84766 0.390381 0.468506 -0.60791 0.351318 -0.451904 0.201538 0.00160694 -0.171265 -0.738281 -0.438232 0.201538 0.00160694 -0.171265 -0.738281 -0.438232 0.201538 0.00160694 -0.171265 -0.738281 -0.438232 0.201538 0.00160694 -0.171265 -0.738281 -0.438232 
-0.564453 -0.0158844 1.2207 -0.896484 0.524414 -0.13623 -1.0625 -0.119141 -0.171753 2.07812 0.390381 0.468506 -0.60791 0.351318 -0.451904 0.324219 0.445801 -0.000532627 -0.281982 -0.209229 0.324219 0.445801 -0.000532627 -0.281982 -0.209229 0.324219 0.445801 -0.000532627 -0.281982 -0.209229 0.324219 0.445801 -0.000532627 -0.281982 -0.209229 
-1.09668 -0.339844 0.14917 -0.473389 0.575195 0.192017 0.0495911 0.0913086 0.285156 0.790039 0.390381 0.468506 -0.60791 0.351318 -0.451904 -0.0921631 0.23584 -0.369385 -0.523926 -0.252197 -0.0921631 0.23584 -0.369385 -0.523926 -0.252197 -0.0921631 0.23584 -0.369385 -0.523926 -0.252197 -0.0921631 0.23584 -0.369385 -0.523926 -0.252197 
-0.974121 -0.0671997 0.754395 -0.507324 0.62207 0.0410461 -0.0132599 0.0963135 0.830078 0.441895 0.359619 0.473633 -0.603027 0.334229 -0.471191 -0.192993 0.0106049 0.00978851 -0.44458 0.128418 -0.192993 0.0106049 0.00978851 -0.44458 0.128418 -0.192993 0.0106049 0.00978851 -0.44458 0.128418 -0.192993 0.0106049 0.00978851 -0.44458 0.128418 
-0.106262 -0.346191 0.846191 -0.513672 0.822754 -0.0797119 -1.07715 -0.448242 -0.415527 2.57812 0.438477 0.485107 -0.613281 0.388428 -0.512207 0.125488 -0.15686 -0.0440979 -0.764648 -0.38501 0.125488 -0.15686 -0.0440979 -0.764648 -0.38501 0.125488 -0.15686 -0.0440979 -0.764648 -0.38501 0.125488 -0.15686 -0.0440979 -0.764648 -0.38501 
-0.432373 -0.408447 1.42773 -0.11676 0.978516 0.643555 -1.00586 -0.855957 -0.532715 2.71094 0.390381 0.468506 -0.60791 0.351318 -0.451904 0.00703812 -0.194336 -0.00470352 -0.762695 0.052124 0.00703812 -0.194336 -0.00470352 -0.762695 0.052124 0.00703812 -0.194336 -0.00470352 -0.762695 0.052124 0.00703812 -0.194336 -0.00470352 -0.762695 0.052124 
-0.224609 -0.243042 0.220947 -0.519531 0.118347 -0.0696411 -0.266113 0.11676 0.191406 0.375244 0.395752 0.47168 -0.588379 0.340576 -0.487549 0.130249 0.127441 -0.202148 -0.450195 -0.102234 0.130249 0.127441 -0.202148 -0.450195 -0.102234 0.130249 0.127441 -0.202148 -0.450195 -0.102234 0.130249 0.127441 -0.202148 -0.450195 -0.102234 
-0.194824 0.1521 0.56543 -0.616211 0.234253 -0.05896 -0.450195 0.900879 0.555664 0.53125 0.427979 0.521484 -0.570801 0.383789 -0.544434 -0.0502319 0.223022 0.132568 -0.118164 -0.155518 -0.0502319 0.223022 0.132568 -0.118164 -0.155518 -0.0502319 0.223022 0.132568 -0.118164 -0.155518 -0.0502319 0.223022 0.132568 -0.118164 -0.155518 
0.287354 -0.601562 1.56934 0.0225067 0.931641 1.43066 -1.1084 -0.527832 -1.06152 2.81055 0.390381 0.468506 -0.60791 0.351318 -0.451904 0.0856323 0.0913696 -0.31665 -0.84375 -0.369385 0.0856323 0.0913696 -0.31665 -0.84375 -0.369385 0.0856323 0.0913696 -0.31665 -0.84375 -0.369385 0.0856323 0.0913696 -0.31665 -0.84375 -0.369385 
0.462891 -0.228516 1.1582 0.366455 0.998535 1.38672 -1.3418 -0.444336 -1.09375 2.16211 0.390381 0.468506 -0.60791 0.351318 -0.451904 0.0716553 0.197266 -0.0822144 -0.543945 -0.305176 0.0716553 0.197266 -0.0822144 -0.543945 -0.305176 0.0716553 0.197266 -0.0822144 -0.543945 -0.305176 0.0716553 0.197266 -0.0822144 -0.543945 -0.305176 
0.0690918 -0.674805 0.532227 -0.79248 1.49707 0.628418 -1.16602 -0.227295 -0.407227 1.68555 0.390381 0.468506 -0.60791 0.351318 -0.451904 -0.268555 0.102051 -0.0615845 -0.215698 -0.51123 -0.268555 0.102051 -0.0615845 -0.215698 -0.51123 -0.268555 0.102051 -0.0615845 -0.215698 -0.51123 -0.268555 0.102051 -0.0615845 -0.215698 -0.51123 
-0.309814 -0.364258 1.1084 -0.0707397 1.02246 0.70166 -0.946777 -0.771484 -0.807129 2.3418 0.390381 0.468506 -0.60791 0.351318 -0.451904 -0.0346069 -0.203735 -0.0357666 -0.668457 -0.117249 -0.0346069 -0.203735 -0.0357666 -0.668457 -0.117249 -0.0346069 -0.203735 -0.0357666 -0.668457 -0.117249 -0.0346069 -0.203735 -0.0357666 -0.668457 -0.117249 
-1.10449 -0.628418 0.108093 -1.37207 0.159546 0.293457 -0.205078 -0.130493 1.33789 0.694824 0.377197 0.521973 -0.606445 0.317139 -0.477539 -0.255615 0.708984 0.0235443 -0.277588 -0.260254 -0.255615 0.708984 0.0235443 -0.277588 -0.260254 -0.255615 0.708984 0.0235443 -0.277588 -0.260254 -0.255615 0.708984 0.0235443 -0.277588 -0.260254 
-1.05469 0.0578003 -0.404053 -0.720215 -1.08496 -0.594238 -0.127686 -0.0191956 0.841797 0.0687866 0.400879 0.465576 -0.57373 0.38916 -0.511719 0.196167 0.962891 -0.155273 -0.468262 -0.708496 0.196167 0.962891 -0.155273 -0.468262 -0.708496 0.196167 0.962891 -0.155273 -0.468262 -0.708496 0.196167 0.962891 -0.155273 -0.468262 -0.708496 
-0.689941 -0.552246 0.108459 -0.432617 0.821777 1.39062 -1.28516 -0.307129 -1.42871 1.39844 0.390381 0.468506 -0.60791 0.351318 -0.451904 -0.0366211 0.370605 0.0266876 -0.3125 -0.56543 -0.0366211 0.370605 0.0266876 -0.3125 -0.56543 -0.0366211 0.370605 0.0266876 -0.3125 -0.56543 -0.0366211 0.370605 0.0266876 -0.3125 -0.56543 
-0.429199 0.00275993 -0.363281 0.694336 0.310791 1.55176 -1.09961 0.540527 -0.197144 0.728027 0.390381 0.468506 -0.60791 0.351318 -0.451904 -0.0827637 0.0191193 -0.422363 -0.373291 -0.791992 -0.0827637 0.0191193 -0.422363 -0.373291 -0.791992 -0.0827637 0.0191193 -0.422363 -0.373291 -0.791992 -0.0827637 0.0191193 -0.422363 -0.373291 -0.791992 
-0.851074 -0.705566 0.18811 -0.949707 0.820801 0.578125 -0.0969238 0.419434 -0.515625 -0.327148 0.390381 0.468506 -0.60791 0.351318 -0.451904 -0.203125 -0.0606995 0.051239 -0.520508 -0.0358276 -0.203125 -0.0606995 0.051239 -0.520508 -0.0358276 -0.203125 -0.0606995 0.051239 -0.520508 -0.0358276 -0.203125 -0.0606995 0.051239 -0.520508 -0.0358276 
-1.02832 -0.51123 0.0461731 -0.589355 0.794922 0.400391 -0.140503 0.413086 -0.0361328 0.0537415 0.413086 0.489746 -0.580078 0.379883 -0.507324 -0.255859 0.0193024 0.327393 -0.217163 -0.153076 -0.255859 0.0193024 0.327393 -0.217163 -0.153076 -0.255859 0.0193024 0.327393 -0.217163 -0.153076 -0.255859 0.0193024 0.327393 -0.217163 -0.153076 
-0.842773 -0.241821 0.206787 -0.439209 0.224121 -0.568848 -0.564941 -0.267334 0.102966 1.0791 0.419434 0.44873 -0.588379 0.320068 -0.456543 0.0169678 0.290527 -0.230347 -0.450439 -0.38208 0.0169678 0.290527 -0.230347 -0.450439 -0.38208 0.0169678 0.290527 -0.230347 -0.450439 -0.38208 0.0169678 0.290527 -0.230347 -0.450439 -0.38208 
-0.89209 -0.191895 0.987793 -1.07031 0.241577 -0.260742 -0.574707 0.0397339 0.301025 1.70605 0.390381 0.468506 -0.60791 0.351318 -0.451904 0.143677 0.217773 -0.0558472 -0.51416 -0.31958 0.143677 0.217773 -0.0558472 -0.51416 -0.31958 0.143677 0.217773 -0.0558472 -0.51416 -0.31958 0.143677 0.217773 -0.0558472 -0.51416 -0.31958 
0.177124 -0.460205 1.27637 -0.0678101 0.790527 1.22168 -1.03516 -0.496338 -1.16699 2.47266 0.390381 0.468506 -0.60791 0.351318 -0.451904 0.0268097 0.0904541 -0.175293 -0.806152 -0.472656 0.0268097 0.0904541 -0.175293 -0.806152 -0.472656 0.0268097 0.0904541 -0.175293 -0.806152 -0.472656 0.0268097 0.0904541 -0.175293 -0.806152 -0.472656 
0.291992 -0.159302 1.08789 0.272461 1.15918 1.18457 -1.22461 -0.580078 -1.02441 2.12891 0.390381 0.468506 -0.60791 0.351318 -0.451904 0.147461 0.0662231 -0.19751 -0.669434 -0.19165 0.147461 0.0662231 -0.19751 -0.669434 -0.19165 0.147461 0.0662231 -0.19751 -0.669434 -0.19165 0.147461 0.0662231 -0.19751 -0.669434 -0.19165 
-0.393066 -0.246826 0.429688 -0.296631 0.500977 -0.563477 -0.710449 -0.620117 -0.223511 1.01367 0.402832 0.467529 -0.584961 0.364014 -0.468994 -0.00392151 -0.046814 -0.171387 -0.263184 -0.31543 -0.00392151 -0.046814 -0.171387 -0.263184 -0.31543 -0.00392151 -0.046814 -0.171387 -0.263184 -0.31543 -0.00392151 -0.046814 -0.171387 -0.263184 -0.31543 
-0.884766 -0.165527 0.993652 -1.08301 0.270996 -0.291748 -0.83252 -0.62207 -0.171875 2.01367 0.431885 0.533203 -0.571289 0.331299 -0.537598 0.360107 0.375244 0.0219727 -0.489014 -0.401123 0.360107 0.375244 0.0219727 -0.489014 -0.401123 0.360107 0.375244 0.0219727 -0.489014 -0.401123 0.360107 0.375244 0.0219727 -0.489014 -0.401123 
-0.73584 -0.0321045 0.325684 -0.19519 1.16504 1.19043 -0.0586548 -0.894043 -0.175171 0.275391 0.390381 0.468506 -0.60791 0.351318 -0.451904 0.0605774 0.254395 -0.42749 -0.102722 -0.0238953 0.0605774 0.254395 -0.42749 -0.102722 -0.0238953 0.0605774 0.254395 -0.42749 -0.102722 -0.0238953 0.0605774 0.254395 -0.42749 -0.102722 -0.0238953 
-0.680664 0.159302 0.0664062 -0.263428 1.01758 1.32617 -0.0742188 -1.58203 -0.583984 -0.317871 0.397217 0.495361 -0.577148 0.337402 -0.470459 0.175049 0.209717 -0.702148 -0.271484 -0.206055 0.175049 0.209717 -0.702148 -0.271484 -0.206055 0.175049 0.209717 -0.702148 -0.271484 -0.206055 0.175049 0.209717 -0.702148 -0.271484 -0.206055 
-0.289307 -0.616699 0.211548 -0.744141 0.456299 0.347412 -0.288574 0.0641479 -0.193359 -0.422852 0.405273 0.48999 -0.568359 0.37207 -0.496826 -0.0328064 0.0185089 0.0155334 -0.30249 -0.0667114 -0.0328064 0.0185089 0.0155334 -0.30249 -0.0667114 -0.0328064 0.0185089 0.0155334 -0.30249 -0.0667114 -0.0328064 0.0185089 0.0155334 -0.30249 -0.0667114 
-0.51123 -0.611816 0.183472 -0.697754 0.493164 0.319336 -0.283447 0.200562 -0.156006 -0.494629 0.399902 0.456055 -0.606934 0.362061 -0.442139 -0.161255 0.0532532 0.160034 -0.273682 -0.0903931 -0.161255 0.0532532 0.160034 -0.273682 -0.0903931 -0.161255 0.0532532 0.160034 -0.273682 -0.0903931 -0.161255 0.0532532 0.160034 -0.273682 -0.0903931 
0.201782 -0.331787 -0.0356445 -1.37598 1.3252 0.931641 -0.0760498 0.0724487 -0.225708 1.06738 0.390381 0.468506 -0.60791 0.351318 -0.451904 -0.206299 0.67041 0.440918 0.193848 -0.555176 -0.206299 0.67041 0.440918 0.193848 -0.555176 -0.206299 0.67041 0.440918 0.193848 -0.555176 -0.206299 0.67041 0.440918 0.193848 -0.555176 
-0.972168 -0.40332 -0.0782471 -0.438721 0.408447 1.24902 0.603027 0.569824 -0.143066 0.210938 0.390381 0.468506 -0.60791 0.351318 -0.451904 0.38623 -0.14209 -0.51416 -0.683594 0.10321 0.38623 -0.14209 -0.51416 -0.683594 0.10321 0.38623 -0.14209 -0.51416 -0.683594 0.10321 0.38623 -0.14209 -0.51416 -0.683594 0.10321 
-0.757812 -0.498779 0.378418 -0.398682 0.594238 0.354004 -0.152832 0.300293 0.0799561 0.0461121 0.397217 0.499756 -0.602051 0.304199 -0.459229 -0.290283 0.0527039 0.0823975 -0.37207 -0.161743 -0.290283 0.0527039 0.0823975 -0.37207 -0.161743 -0.290283 0.0527039 0.0823975 -0.37207 -0.161743 -0.290283 0.0527039 0.0823975 -0.37207 -0.161743 
-0.824219 -0.534668 0.30249 -0.36377 0.537109 0.493408 -0.299316 0.326416 0.227295 -0.019043 0.428711 0.483398 -0.555176 0.359619 -0.500488 -0.222168 -0.0712891 -0.110352 -0.541992 -0.0479736 -0.222168 -0.0712891 -0.110352 -0.541992 -0.0479736 -0.222168 -0.0712891 -0.110352 -0.541992 -0.0479736 -0.222168 -0.0712891 -0.110352 -0.541992 -0.0479736 
-0.321289 -0.111267 0.559082 -0.39502 1.53906 1.55078 -0.0802002 -1.33398 -0.269043 0.551758 0.390381 0.468506 -0.60791 0.351318 -0.451904 0.0933838 0.480469 -0.462158 -0.0640869 -0.0764771 0.0933838 0.480469 -0.462158 -0.0640869 -0.0764771 0.0933838 0.480469 -0.462158 -0.0640869 -0.0764771 0.0933838 0.480469 -0.462158 -0.0640869 -0.0764771 
-1.00977 -0.4375 0.363525 -0.239746 0.895508 2.00586 0.294678 -2.16016 -0.578125 -0.212891 0.417969 0.485352 -0.603516 0.351074 -0.449707 0.067749 0.483154 -0.637207 -0.303223 -0.048584 0.067749 0.483154 -0.637207 -0.303223 -0.048584 0.067749 0.483154 -0.637207 -0.303223 -0.048584 0.067749 0.483154 -0.637207 -0.303223 -0.048584 
0.247925 0.633301 0.170898 -0.490723 0.871582 0.330078 -0.375732 -0.426514 -0.489502 0.220215 0.390381 0.468506 -0.60791 0.351318 -0.451904 0.300781 0.123657 -0.202271 -0.0890503 -0.224609 0.300781 0.123657 -0.202271 -0.0890503 -0.224609 0.300781 0.123657 -0.202271 -0.0890503 -0.224609 0.300781 0.123657 -0.202271 -0.0890503 -0.224609 
-0.436523 -0.282227 0.427979 -0.0730591 0.53125 0.600098 -0.0976562 0.335205 -0.208008 0.168213 0.390381 0.468506 -0.60791 0.351318 -0.451904 -0.0402222 0.0167999 -0.0983887 -0.178955 -0.00403976 -0.0402222 0.0167999 -0.0983887 -0.178955 -0.00403976 -0.0402222 0.0167999 -0.0983887 -0.178955 -0.00403976 -0.0402222 0.0167999 -0.0983887 -0.178955 -0.00403976 
0.147827 -0.198853 0.324463 0.199585 -0.809082 0.758301 -0.679688 -0.0977783 -0.300049 0.638184 0.390381 0.468506 -0.60791 0.351318 -0.451904 -0.155273 0.844727 0.168457 0.229126 -0.859863 -0.155273 0.844727 0.168457 0.229126 -0.859863 -0.155273 0.844727 0.168457 0.229126 -0.859863 -0.155273 0.844727 0.168457 0.229126 -0.859863 
0.0244141 -0.385498 0.284912 -0.282227 0.213867 0.753906 0.0924072 -0.154907 -0.813477 -0.164795 0.414062 0.468018 -0.586426 0.337891 -0.437744 0.364502 -0.178589 -0.483887 -0.433838 -0.126221 0.364502 -0.178589 -0.483887 -0.433838 -0.126221 0.364502 -0.178589 -0.483887 -0.433838 -0.126221 0.364502 -0.178589 -0.483887 -0.433838 -0.126221 
-0.523926 -0.553223 0.182129 -0.685547 0.526367 0.289795 -0.275391 0.239258 -0.11908 -0.453369 0.397949 0.511719 -0.597656 0.288818 -0.458984 -0.160278 0.0582275 0.158691 -0.276123 -0.113098 -0.160278 0.0582275 0.158691 -0.276123 -0.113098 -0.160278 0.0582275 0.158691 -0.276123 -0.113098 -0.160278 0.0582275 0.158691 -0.276123 -0.113098 
-0.556152 -0.716309 0.166138 -0.701172 0.33667 0.369873 -0.297852 0.139404 -0.233032 -0.623535 0.401367 0.491943 -0.585449 0.346191 -0.507324 -0.129883 0.0930786 0.111023 -0.306641 -0.0858765 -0.129883 0.0930786 0.111023 -0.306641 -0.0858765 -0.129883 0.0930786 0.111023 -0.306641 -0.0858765 -0.129883 0.0930786 0.111023 -0.306641 -0.0858765 
0.222534 0.051239 -0.615234 -0.290039 -0.621582 -0.182129 -0.18689 -0.479736 -0.508301 -0.264404 0.418701 0.437988 -0.603516 0.366699 -0.427246 0.101562 0.612305 -0.0184937 -0.0526428 -0.814453 0.101562 0.612305 -0.0184937 -0.0526428 -0.814453 0.101562 0.612305 -0.0184937 -0.0526428 -0.814453 0.101562 0.612305 -0.0184937 -0.0526428 -0.814453 
-0.207397 -0.594238 0.379395 -0.942383 0.431396 0.195068 -0.228882 0.118042 -0.39209 -0.477051 0.398682 0.464355 -0.579102 0.350342 -0.466553 0.0319214 -0.00435638 -0.0434875 -0.38501 -0.146606 0.0319214 -0.00435638 -0.0434875 -0.38501 -0.146606 0.0319214 -0.00435638 -0.0434875 -0.38501 -0.146606 0.0319214 -0.00435638 -0.0434875 -0.38501 -0.146606 
-0.569336 -0.28125 0.102844 -0.336426 0.451416 0.646973 -0.274658 -0.0941772 -0.174683 0.17981 0.427734 0.423584 -0.581543 0.333984 -0.44043 0.214355 0.0957642 -0.245117 -0.393555 -0.122314 0.214355 0.0957642 -0.245117 -0.393555 -0.122314 0.214355 0.0957642 -0.245117 -0.393555 -0.122314 0.214355 0.0957642 -0.245117 -0.393555 -0.122314 
-0.67041 -0.380127 0.330322 -0.395996 0.567383 0.463379 -0.250977 0.320068 -0.0672607 -0.019043 0.390381 0.468506 -0.60791 0.351318 -0.451904 -0.132202 -0.0277557 0.0749512 -0.377197 -0.205078 -0.132202 -0.0277557 0.0749512 -0.377197 -0.205078 -0.132202 -0.0277557 0.0749512 -0.377197 -0.205078 -0.132202 -0.0277557 0.0749512 -0.377197 -0.205078 
-0.675293 -1.03516 0.119446 -0.757324 0.106506 0.489258 0.236206 -0.583008 -0.619141 -0.643555 0.407227 0.484863 -0.571289 0.345703 -0.48584 0.155762 0.121765 -0.354736 -0.512695 0.0071106 0.155762 0.121765 -0.354736 -0.512695 0.0071106 0.155762 0.121765 -0.354736 -0.512695 0.0071106 0.155762 0.121765 -0.354736 -0.512695 0.0071106 
-0.865234 -1.04199 0.333252 -0.506836 0.188232 0.265137 -0.130737 0.345703 0.0212097 -0.239502 0.373047 0.513184 -0.636719 0.37207 -0.474365 -0.304932 0.373535 0.313721 -0.149048 0.0234222 -0.304932 0.373535 0.313721 -0.149048 0.0234222 -0.304932 0.373535 0.313721 -0.149048 0.0234222 -0.304932 0.373535 0.313721 -0.149048 0.0234222 
0.0365601 0.318848 1.2959 -0.0818481 0.708496 2.69141 -0.677246 -1.95898 0.283936 -0.263428 0.390381 0.468506 -0.60791 0.351318 -0.451904 0.30835 0.398926 -0.902344 -0.00128746 -0.67041 0.30835 0.398926 -0.902344 -0.00128746 -0.67041 0.30835 0.398926 -0.902344 -0.00128746 -0.67041 0.30835 0.398926 -0.902344 -0.00128746 -0.67041 
-0.619629 0.35376 1.12109 -0.662598 1.47559 2.23047 -0.415527 -1.42285 -0.0685425 -0.483154 0.390381 0.468506 -0.60791 0.351318 -0.451904 -0.0426331 0.312988 -0.447021 -0.481689 0.031311 -0.0426331 0.312988 -0.447021 -0.481689 0.031311 -0.0426331 0.312988 -0.447021 -0.481689 0.031311 -0.0426331 0.312988 -0.447021 -0.481689 0.031311 
-0.48999 0.3125 0.544434 -0.146973 0.756836 0.422852 0.213501 -0.204346 -0.0836792 0.17395 0.390381 0.468506 -0.60791 0.351318 -0.451904 -0.0190582 -0.093811 -0.103943 -0.256104 -0.304443 -0.0190582 -0.093811 -0.103943 -0.256104 -0.304443 -0.0190582 -0.093811 -0.103943 -0.256104 -0.304443 -0.0190582 -0.093811 -0.103943 -0.256104 -0.304443 
-0.77832 -0.283691 0.0945435 -0.522461 0.726562 1.09766 0.342529 -0.183228 -0.152588 -0.350342 0.390381 0.468506 -0.60791 0.351318 -0.451904 -0.116516 0.13916 -0.137817 -0.363525 -0.0099411 -0.116516 0.13916 -0.137817 -0.363525 -0.0099411 -0.116516 0.13916 -0.137817 -0.363525 -0.0099411 -0.116516 0.13916 -0.137817 -0.363525 -0.0099411 
0.399414 0.155884 0.102905 -0.715332 0.63623 -0.134399 -0.489502 -0.403809 -1.04395 0.18689 0.414551 0.47168 -0.588379 0.349609 -0.474121 0.12561 0.133789 0.192749 -0.353516 -0.474365 0.12561 0.133789 0.192749 -0.353516 -0.474365 0.12561 0.133789 0.192749 -0.353516 -0.474365 0.12561 0.133789 0.192749 -0.353516 -0.474365 
0.292725 0.0356445 0.134155 -1.37207 0.510254 0.259766 -0.796387 -0.810547 -1.56836 -0.502441 0.494629 0.559082 -0.568359 0.385742 -0.558594 0.378418 0.133423 0.0948486 -0.564453 -0.406006 0.378418 0.133423 0.0948486 -0.564453 -0.406006 0.378418 0.133423 0.0948486 -0.564453 -0.406006 0.378418 0.133423 0.0948486 -0.564453 -0.406006 
-0.65918 -0.426514 0.389404 -0.146362 0.606445 0.399414 0.0335999 0.276367 0.0352783 0.0778198 0.453125 0.577637 -0.567871 0.410156 -0.541504 -0.274902 0.036499 0.0826416 -0.277588 -0.150879 -0.274902 0.036499 0.0826416 -0.277588 -0.150879 -0.274902 0.036499 0.0826416 -0.277588 -0.150879 -0.274902 0.036499 0.0826416 -0.277588 -0.150879 
-0.901855 -0.259277 0.951172 0.0288239 0.929199 0.914551 0.0706177 -1.06934 -0.174927 0.303955 0.401855 0.525391 -0.584961 0.366699 -0.510254 -0.169312 -0.0596008 -0.415039 -0.208862 0.088623 -0.169312 -0.0596008 -0.415039 -0.208862 0.088623 -0.169312 -0.0596008 -0.415039 -0.208862 0.088623 -0.169312 -0.0596008 -0.415039 -0.208862 0.088623 
0.927734 0.437012 0.0874634 0.314453 -0.19043 -0.551758 -0.383789 0.0707397 0.0888062 0.151611 0.423828 0.439697 -0.559082 0.402832 -0.493164 0.0544739 9.65595e-05 -0.0513306 -0.125122 -0.544434 0.0544739 9.65595e-05 -0.0513306 -0.125122 -0.544434 0.0544739 9.65595e-05 -0.0513306 -0.125122 -0.544434 0.0544739 9.65595e-05 -0.0513306 -0.125122 -0.544434 
0.877441 0.251221 -0.0795898 -0.417969 -0.475342 0.391846 -0.394531 -1.03418 -0.527832 -0.655273 0.415527 0.489502 -0.578125 0.327881 -0.456299 0.398193 0.477051 -0.290527 -0.273682 -0.283936 0.398193 0.477051 -0.290527 -0.273682 -0.283936 0.398193 0.477051 -0.290527 -0.273682 -0.283936 0.398193 0.477051 -0.290527 -0.273682 -0.283936 
-0.100403 0.617676 0.174683 -0.188965 0.64502 0.557617 -0.498047 -0.412354 -0.456787 0.538086 0.390381 0.468506 -0.60791 0.351318 -0.451904 0.165283 0.496338 -0.145996 -0.374023 -0.427246 0.165283 0.496338 -0.145996 -0.374023 -0.427246 0.165283 0.496338 -0.145996 -0.374023 -0.427246 0.165283 0.496338 -0.145996 -0.374023 -0.427246 
-0.281738 0.465088 -0.0220032 -0.249634 0.57959 0.70166 -0.448242 -0.691406 -0.409912 0.352051 0.374512 0.470459 -0.600586 0.33374 -0.471924 0.161499 0.450684 -0.162354 -0.494629 -0.456543 0.161499 0.450684 -0.162354 -0.494629 -0.456543 0.161499 0.450684 -0.162354 -0.494629 -0.456543 0.161499 0.450684 -0.162354 -0.494629 -0.456543 
-0.85498 -0.233643 0.827637 -0.318848 0.700195 0.32373 -0.186035 0.0295563 0.276855 0.27417 0.390381 0.468506 -0.60791 0.351318 -0.451904 -0.212891 -0.167114 -0.186279 -0.365479 -0.0602417 -0.212891 -0.167114 -0.186279 -0.365479 -0.0602417 -0.212891 -0.167114 -0.186279 -0.365479 -0.0602417 -0.212891 -0.167114 -0.186279 -0.365479 -0.0602417 
-0.89502 -0.381592 0.521973 -0.106445 0.599121 0.705078 -0.0504761 -0.300049 -0.313965 0.373291 0.390381 0.468506 -0.60791 0.351318 -0.451904 -0.200684 0.0479126 -0.16626 -0.293945 -0.133789 -0.200684 0.0479126 -0.16626 -0.293945 -0.133789 -0.200684 0.0479126 -0.16626 -0.293945 -0.133789 -0.200684 0.0479126 -0.16626 -0.293945 -0.133789 
-1.11328 -0.0134201 0.56543 -0.149048 1.15137 1.29395 -0.0382385 -1.32031 0.0475159 0.0730591 0.463379 0.577637 -0.668945 0.426514 -0.519531 -0.0109787 0.257812 -0.51123 -0.158447 -0.0275726 -0.0109787 0.257812 -0.51123 -0.158447 -0.0275726 -0.0109787 0.257812 -0.51123 -0.158447 -0.0275726 -0.0109787 0.257812 -0.51123 -0.158447 -0.0275726 
-1.18359 -0.444092 0.347412 -0.240356 0.827148 0.810547 0.0483398 -0.478516 -0.170044 0.00236511 0.391113 0.468994 -0.609375 0.351074 -0.45166 -0.155762 0.0578308 -0.192505 -0.442383 -0.022049 -0.155762 0.0578308 -0.192505 -0.442383 -0.022049 -0.155762 0.0578308 -0.192505 -0.442383 -0.022049 -0.155762 0.0578308 -0.192505 -0.442383 -0.022049 
0.0516663 0.234985 0.259521 -0.434814 0.837891 0.147095 -0.55957 0.0215912 -0.158813 -0.0522156 0.390381 0.468506 -0.60791 0.351318 -0.451904 0.54248 -0.267822 -0.370117 -0.657227 -0.00576401 0.54248 -0.267822 -0.370117 -0.657227 -0.00576401 0.54248 -0.267822 -0.370117 -0.657227 -0.00576401 0.54248 -0.267822 -0.370117 -0.657227 -0.00576401 
-0.213867 -0.00231552 0.39624 -0.670898 0.754883 0.120422 0.126465 -0.268555 -0.368652 -0.0791016 0.398926 0.444824 -0.583496 0.325439 -0.468262 -0.204224 0.0671387 0.00560379 -0.296631 -0.227783 -0.204224 0.0671387 0.00560379 -0.296631 -0.227783 -0.204224 0.0671387 0.00560379 -0.296631 -0.227783 -0.204224 0.0671387 0.00560379 -0.296631 -0.227783 
-1.04297 -0.388916 0.415527 -0.393555 0.655762 0.50293 -0.0444336 0.476562 0.314209 0.544434 0.383057 0.464844 -0.586914 0.292236 -0.470703 -0.211792 -0.028595 -0.264648 -0.527344 -0.230347 -0.211792 -0.028595 -0.264648 -0.527344 -0.230347 -0.211792 -0.028595 -0.264648 -0.527344 -0.230347 -0.211792 -0.028595 -0.264648 -0.527344 -0.230347 
-0.509277 0.532715 -0.55127 0.591309 0.0322266 1.75098 -1.66895 -0.00340652 0.791992 0.165527 0.402344 0.522949 -0.628418 0.362305 -0.499023 -0.133179 0.145508 -0.269043 0.137085 -0.841309 -0.133179 0.145508 -0.269043 0.137085 -0.841309 -0.133179 0.145508 -0.269043 0.137085 -0.841309 -0.133179 0.145508 -0.269043 0.137085 -0.841309 
-0.83252 -0.470459 0.348877 -0.153931 1.03711 0.902344 -0.328125 -0.72998 0.248535 0.422607 0.410645 0.479492 -0.584961 0.364746 -0.488037 -0.318115 0.093811 -0.233765 -0.298096 0.203613 -0.318115 0.093811 -0.233765 -0.298096 0.203613 -0.318115 0.093811 -0.233765 -0.298096 0.203613 -0.318115 0.093811 -0.233765 -0.298096 0.203613 
-0.868652 -0.52002 0.489258 -0.224365 0.872559 0.382568 -0.227905 -0.235718 0.299805 0.296143 0.468262 0.567871 -0.566406 0.392578 -0.561035 -0.440186 -0.0444946 -0.0974731 -0.285889 0.0977173 -0.440186 -0.0444946 -0.0974731 -0.285889 0.0977173 -0.440186 -0.0444946 -0.0974731 -0.285889 0.0977173 -0.440186 -0.0444946 -0.0974731 -0.285889 0.0977173 
-1 -0.433838 0.20874 -0.547852 0.730469 0.376221 -0.0687866 0.337646 0.138184 -0.269775 0.44043 0.54248 -0.61377 0.36499 -0.50293 -0.30957 0.0953979 0.128418 -0.429688 -0.109436 -0.30957 0.0953979 0.128418 -0.429688 -0.109436 -0.30957 0.0953979 0.128418 -0.429688 -0.109436 -0.30957 0.0953979 0.128418 -0.429688 -0.109436 
-1.00488 -0.40332 0.217163 -0.490723 0.746094 0.360352 -0.0171661 0.337402 0.177612 -0.219849 0.390381 0.468506 -0.60791 0.351318 -0.451904 -0.331543 0.0983276 0.139771 -0.413574 -0.111023 -0.331543 0.0983276 0.139771 -0.413574 -0.111023 -0.331543 0.0983276 0.139771 -0.413574 -0.111023 -0.331543 0.0983276 0.139771 -0.413574 -0.111023 
-0.645508 -1.40723 0.0999146 -1.36914 0.175415 0.0917358 -0.403076 -0.217773 -0.904297 -0.883789 0.391113 0.488037 -0.585938 0.343018 -0.521484 0.197632 0.305908 -0.0949097 -0.604492 0.100952 0.197632 0.305908 -0.0949097 -0.604492 0.100952 0.197632 0.305908 -0.0949097 -0.604492 0.100952 0.197632 0.305908 -0.0949097 -0.604492 0.100952 
-0.90625 -0.989746 0.100769 -0.630859 0.638672 0.271729 -0.652832 0.75 -0.181885 0.0435486 0.390381 0.468506 -0.60791 0.351318 -0.451904 -0.193848 0.353027 0.421387 -0.0208893 0.317139 -0.193848 0.353027 0.421387 -0.0208893 0.317139 -0.193848 0.353027 0.421387 -0.0208893 0.317139 -0.193848 0.353027 0.421387 -0.0208893 0.317139 
-0.0863647 0.129395 0.000659466 -0.0175476 0.717285 0.719238 0.0250244 -0.521973 -0.259033 0.131592 0.396973 0.485596 -0.575684 0.390137 -0.494873 0.05896 0.251953 -0.236328 0.0787964 -0.170898 0.05896 0.251953 -0.236328 0.0787964 -0.170898 0.05896 0.251953 -0.236328 0.0787964 -0.170898 0.05896 0.251953 -0.236328 0.0787964 -0.170898 
-0.582031 -0.408936 -0.112549 -0.227661 0.450439 1.1377 0.380127 -0.587891 -0.658203 -0.510742 0.390625 0.46582 -0.599609 0.315918 -0.464844 0.0289459 0.133301 -0.331543 -0.236938 -0.0498047 0.0289459 0.133301 -0.331543 -0.236938 -0.0498047 0.0289459 0.133301 -0.331543 -0.236938 -0.0498047 0.0289459 0.133301 -0.331543 -0.236938 -0.0498047 
-0.905762 -0.392822 0.212402 -0.549805 0.651855 0.327637 -0.0933228 0.283203 0.148438 -0.235718 0.380859 0.469971 -0.593262 0.338135 -0.48584 -0.215698 0.0985718 0.053894 -0.426025 -0.13147 -0.215698 0.0985718 0.053894 -0.426025 -0.13147 -0.215698 0.0985718 0.053894 -0.426025 -0.13147 -0.215698 0.0985718 0.053894 -0.426025 -0.13147 
-1.00195 -0.374512 0.14624 -0.537109 0.680664 0.361572 -0.124329 0.33667 0.202759 -0.306641 0.389404 0.469971 -0.610352 0.35376 -0.451904 -0.271973 0.10321 0.112671 -0.438232 -0.111938 -0.271973 0.10321 0.112671 -0.438232 -0.111938 -0.271973 0.10321 0.112671 -0.438232 -0.111938 -0.271973 0.10321 0.112671 -0.438232 -0.111938 
-0.25293 -0.0884399 0.508301 -0.355469 0.72168 -0.262695 -0.0181732 0.314209 0.253906 -0.107361 0.393799 0.490234 -0.610352 0.360352 -0.464844 -0.227295 -0.103821 0.216309 -0.227295 -0.31665 -0.227295 -0.103821 0.216309 -0.227295 -0.31665 -0.227295 -0.103821 0.216309 -0.227295 -0.31665 -0.227295 -0.103821 0.216309 -0.227295 -0.31665 
-0.60498 -0.393799 0.268066 -0.483398 0.59082 0.693848 0.00887299 -0.0489197 -0.166992 -0.0646362 0.42334 0.544922 -0.589844 0.360107 -0.516113 0.00731277 0.0149536 -0.100891 -0.406982 -0.0484619 0.00731277 0.0149536 -0.100891 -0.406982 -0.0484619 0.00731277 0.0149536 -0.100891 -0.406982 -0.0484619 0.00731277 0.0149536 -0.100891 -0.406982 -0.0484619 
-0.229126 -0.666016 0.299805 -0.343262 -0.0198669 0.745605 0.0957642 -0.257568 -0.666992 -0.177124 0.43042 0.438232 -0.560059 0.376709 -0.478271 0.401123 -0.0635376 -0.584961 -0.591309 -0.069397 0.401123 -0.0635376 -0.584961 -0.591309 -0.069397 0.401123 -0.0635376 -0.584961 -0.591309 -0.069397 0.401123 -0.0635376 -0.584961 -0.591309 -0.069397 
-0.0817261 -0.68457 0.334717 0.103882 0.844727 -0.194336 -0.0231628 0.79541 -0.0670166 0.874023 0.408203 0.431396 -0.58252 0.35791 -0.468506 -0.512207 0.283447 0.598633 0.583984 0.0278778 -0.512207 0.283447 0.598633 0.583984 0.0278778 -0.512207 0.283447 0.598633 0.583984 0.0278778 -0.512207 0.283447 0.598633 0.583984 0.0278778 
