2.0918 0 0 0 0 0.507324 0 0 
1.54004 0 0 0 0 1.00879 0 0 
0 0 0 0 0 0 0 0 
0 0 0 0 0 0 0 0.739258 
0 0 0 0 0.04245 0 0 0.243652 
0 0 0 0 0 0 0 0 
0 0 0 0 0 0 1.77246 0 
3.88086 0 0 0 0 0 3.23438 0 
5.25781 0 0 0 0 0 4.24609 0 
0.659668 0 0 0 0 0 4.23438 0 
0 1.76953 0 0.710938 0 0 3.33984 0 
0 1.84863 0 5.20312 0 2.07227 1.31543 0.914062 
0 2.10156 0 7.41797 0 0.761719 0 1.26953 
2.47266 2.42773 0 7.65625 0 0 0 0 
5.39844 1.74512 0 8.34375 0 0 0 0 
7.16406 0.973145 0 7.43359 0 0 0 0 
2.34961 0 0 5.87109 0 0 0 0 
0 0 0 6.05469 0 0 0 1.29785 
0 0 0 7.06641 0 0 0 4.59766 
0 0 0 6.61328 0 0 0 3.39258 
0 0 0 2.98828 0.264404 0 0 0 
0 0 0 2.03516 0 0 0 0 
0 0 0 0.0525513 0 0 0 0 
1.10742 0 0 0 0 0 0 0 
0.289795 0 0 0 0 0 0 0 
1.0293 0 0 0 0 0 0 0 
0 0 0 0 0 0 0 0.201782 
0 0 0 0 0 3.16406 0 0 
0 0 0 0 0 11.0703 0 0.0412292 
0 0 0 0 0 2.13477 0 3.82227 
0 0 0 0 0 0 0 1.88477 
0 0 0 0 0 0 0 0.194824 
0 0 3.14648 0 0 0 0 2.69727 
0 0 0 0 0.264404 0 0 4.69531 
0 0 0 0 0 0.953613 0 3.20312 
0 0 5.69531 0 0 0 0 5.75 
0 0 9.57812 0 2.05859 0 0 8.97656 
0 0 11.3516 0 4.39844 0 1.01562 12.2031 
0 0 6.48828 0 5.86328 0 0.0706787 11.0625 
2.10742 0 2.16797 0 7.35547 0 0 7.33594 
2.46875 0 0 0 2.66406 0 0 3.41992 
0.675293 0 0 0 1.34961 0 0 2.07227 
0 0 0 0 0 1.42773 0 0 
0 0 0 0 0 0 0 0 
0 0 0 0 0.0177917 0 0 0 
0 0 0 0 0.208984 0 0 0 
0 0 0 0 0 0 0 0 
0 0 0 0 0 0 1.51953 0 
4.09375 0 0 0 0 0 3.52734 0 
9.52344 0 0 0 0 0 3.5625 0 
5.45312 0.973145 0 0 0 0 2.82422 0 
0 4.18359 0 0 0 0 1.38574 0 
0 4.83203 0 0 0 0 0 0 
0 4.84375 0 4.90234 0 0.500488 0 0.774414 
0 4.14062 0 6.57031 0 0 0 0.983887 
0.706543 2.11523 0 4.16406 0 0 0 0.627441 
3.4668 0 0 3.33203 0 0 0 0 
3.99023 0 0 1.35547 0 0 0.489258 0 
0 0 0 2.11914 0 0 0.730957 0 
0 0 0 5.73828 0 0 0 0 
0 0 0 7.21094 0 0 0 0.0761108 
0 0 0 5.30469 0 0 0 0.16687 
0 0 0 1.95801 0.652832 0 0 0 
0 0 0 1.73438 0 0 0 0 
2.72852 0 0 0.851074 0 0 0 0 
1.48535 0 0 0 0 0 0 0 
0 0 0 0 0 0 0 0 
0 0 0 0 0 0 0 1.90918 
0 0 0 0 0 0 0 3.44141 
0 0 0 0 0 0 0 1.68164 
0 0 0 0 0 0 0 0.264648 
0 0 0 0 0 0 0 3.49609 
0 0 0 0 0 0 0 1.96094 
0 0 0 0 0 0 0 1.0957 
0 0 0 0 0 0 0 4.10938 
0 0 0 0 0.671387 0 0 4.85938 
0 0 0 0 0 0 0 2.52344 
0 0 0 0 0 0 1.50391 3.30469 
0 0 2.63672 0 0 0 5.54688 6.75 
0 0 6.48828 0 0 0 7.16797 10.5781 
0 0 5.99609 0 0 0 5.3125 11.7656 
0 0 4.23828 0 0.831543 0 1.51953 10.7344 
0 0 1.62402 0 0 0 0 8.20312 
0 0 1.03906 0 0.492676 0 0 5 
0 0 0 0 0.541992 0 0 0 
0 0 0 0 0.239746 0 0 0 
0 0 0 0 0 0 0 0 
0 0 0 0 0 0 0 0 
0 0 0 0 0 0 1.90625 0 
0 0 0 0 0 0 4.64453 0 
2.55859 0 0 0 0 0 5.13281 0.550781 
2.99219 0 0 0 0 0 3.25586 1.31836 
0 3.48047 0 0 0 0 0.45166 0 
0 6.16406 0 0 0 0 0 0 
0 6.62891 0 1.23633 0 0 0 0 
0 5.29688 0 4.35547 0 0 0 0 
0 2.48242 0 3.59766 0 0 0 0 
0 0 0 0 0 0 0 0 
0 0 0 0 0 0 1.36426 0.145996 
0.950684 0 2.55859 0 0 0 3.67969 0 
3.67188 0 3.95703 0 0 0 3.69531 0 
0 0 3.0957 5.12891 0 0 1.73438 0 
0 0 0.724121 5.30859 0 0 0 0 
0 0 0 4.65234 0 0 0 0 
0 0 0 4.59375 2.22461 0 0 0 
1.56445 1.21094 0 7.25391 1.74414 0 0 0 
2.16211 2.86328 0 9.00781 0.498779 0 0 0 
0 3.82227 0 10.1641 0 0 0 0 
0 3.04102 0 9.41406 0 0 0 0 
0 1.95703 0 4.87891 0 0 0 3.375 
0 0.903809 0 0 0 0 0 2.07617 
0.423584 0 0 0 0 0 0 0.935059 
0 0 0 0 0 0 0 0 
0 0 0 0 0 0 0 0.550781 
0 0 0 0 0 0 0 0 
0 0 0 0 0 0 0 0.488037 
0 4.36719 0 0 0 0 0 2.43555 
0 14.1562 0 0 0 0 0 0.341553 
0 19.3438 0 0 0 0 0 0 
0 18.5156 0 0 0 0 0 0 
0 13.2656 0 0 0 0 3.37891 0.851074 
0 6.33594 0 0 0 0 5.87891 4.64453 
0 3.47461 0 0 0 0 5.35547 6.12891 
0 6.08594 0 0 0 0 2.75391 6.73828 
0 9.63281 0 0 0 0 0 6.48438 
0 13.0938 0 0 0 0 0 5.57422 
0 0 0 0 0.227417 0 0 0 
0 0 0 0 0 0 0 0 
0 0 0 0 0 0 0.516113 0 
0 0 0 0 0 0 3.03906 0 
0 0 0 0 0 0 5.25 0 
0 0 0 0 0 0 6.64062 0 
0 0 0 0 0 0 4.90234 0 
0 0 0 0 0 0 1.87891 0 
0 2.51562 0 0 0 0 0 0 
0 4.00391 0 0 0 0 0 0 
0 3.62305 0 1.56543 0 0 0 0 
0 1.65039 0 3.03711 0 0 0 0 
0 0 0 3.57617 0 0 0 0 
0 0 0 0.0525513 0 0 0 0 
0 0 5.87891 0 0 0 0 0 
0 0 6.17969 0 0 0 0 0 
0 0 4.49219 4.42969 0 0 0 0 
2.52734 0 5.72656 10.3594 0 0 0 0 
6.24609 0 4.01953 9.42969 0 0 0.280029 0 
10.2969 0 3.92383 9.15625 0 0 0.773926 0 
10.3281 0.508301 3.66602 11.375 2.37305 0 0.88623 0 
9.64062 1.44824 2.58203 14.1641 3.5332 0 1.22461 3.1543 
3.67969 2.35742 0 13.9688 0.924316 0 1.12793 6.03516 
0 2.81836 0 14.3203 0 0 1.08496 7.14062 
0 2.08594 0 14.1172 0 0 1.03125 7.26562 
0 2.03711 0 8.75 0 0 2.30859 8.17969 
0 3.14453 0 3.19727 0 0 6.50391 4.35938 
3.52539 2.08594 0 0 0 0 12.3203 2.70898 
4.55859 0 0 0 0 0 18.2812 0 
1.91797 0 0 0 0 0 17.4844 0 
0 0 0 0 0 0 12.625 0 
0 0 0 0 0 0 5.25 1.34668 
0 0 0 0 0 0 0 5.43359 
0 4.84375 0 0 0.924316 0 0 3.99609 
0 9.38281 0 0 0 0 0 0 
0 10.3047 0 0 0 0 0 0 
0 10.125 0 0 0 0 1.98145 0 
0 9.28906 0 0 0 0 2.68359 0 
3.38086 8.40625 0 0 0 0 2.03516 0 
6.15625 8.95312 0 0 0 0 1.7832 2.95508 
7.81641 9.60156 0 0 0 0 2.59375 6 
5.67188 10.5938 0 0 0 0 2.64062 7.75391 
0 0 0 0 0 0 0 0 
0 0 0 0.129639 0 0 0 0 
0 0 0 0.641113 0 0 2.3457 0 
0 0 0 0 0 0 4.04297 0 
0 0 0 0 0 0 4.68359 0 
0 0 0 0 0 0 4.72266 0 
0 0 0 0.409912 0 0 2.8125 0 
0 0 0 0.647949 0 0 1.18164 0 
0 0 0 0.815918 0 0 0.607422 0 
0.0853882 0 0 1.32715 0 0 1.68652 0 
0 0 0 3.61133 0 0 3.60547 0 
0 0 0 7.48828 0 0 4.01953 0 
1.66602 0 0 10.5156 0 0 1.43359 0 
0 0 0 6.07031 0 0 0 0.0482178 
0 0 4.5625 2.14648 0 0 0 0 
0 0 0.279053 2.60352 0 0 0 0 
0 0 0 0 0 0 0 0 
0 0 0 0 0 0 0 0 
3.69141 0 0 0 0.0547791 0 0 0 
9.58594 0 0 0 0 0 0 0 
10.6797 0 0 0 0 0 0 0 
11.2891 1.05762 4.53906 0 0 0 0 2.47461 
9.07031 2.51172 6.82422 0.129639 0 0 0 8.29688 
1.93359 2.50586 4.98047 1.75488 0 0 0 10.6016 
0 1.45312 1.16895 3.44336 0 0 0 10.4766 
0 0.760742 0.292725 0.290771 0 0 0 11.7188 
0 1.03223 0 0 0 0 1.19727 8.99219 
3.73047 0 0 0 0 0 6.26562 5.37891 
4.40234 0 0 0 0 0 13.7812 0 
0.415771 0 0 0 0 0 16.0781 0 
0 0 0 0 0 0 14.0312 0 
0 0 0 0 0 0 7.39453 0.844238 
0 0 0 0 0 0 0.151123 5.10938 
0 0.884277 0 0 0 0 0 2.97656 
0 3.73242 0 0 0 0 0 0.578613 
0 3.76758 0 0 0 0 0 0 
0 4.125 0 0 0 0 0.156494 0 
0 6.02734 0 0 0 0 0.972168 0 
0 7.55469 0 0 0 0 1.30469 0 
0.455078 7.34766 0 0 0 0 1.75586 0.774414 
8.5 4.82812 0 0 0 0 4.0625 3.69336 
10.1641 1.39355 0 0 0 0 6.02734 6.93359 
0 0 0 0 0 0 0 0.467041 
0 0 0 0 0 0 0.88623 0 
0 0 0 0 0 0 2.64648 0 
0 0 0 0 0 0 2.86719 0 
0 0 1.54883 0 0 0 2.23828 0 
0 0 1.77832 2.6875 0 0 2.09375 0 
0 0 0 4.62109 0 0 1.79883 0 
0 0 0 2.73633 0 0 2.18555 0 
0 0 0 0.67627 0 0 2.70508 0 
0 0 0 0.605957 0 0 3.69922 0 
0 0 0 3.57031 0 0 4.55469 0 
0 0 0 6.05469 0 0 2.88867 0 
0 0 0 7.34375 0 0 0 0 
0 0 0 3.14844 0 0 0 0 
0 0 0 0 0 0 0 0 
0 0 0 0 0 0 0 0 
0 0 0 0 0 0 0 0 
0 0 0 0 0 0 0 0 
0 0 0 0 0 0 0 0 
0 0 0 0 0 0 0 0 
0 0 0 0 0 0.335938 0 0 
3.43945 0 2.19922 0 0 0 0 0 
5.08594 0 7.18359 2.44922 0 0 0 0 
0.785156 0.221558 5.35156 5.29297 0 0 0 0 
0 0.256104 1.46973 5.86328 0 0 0 5.26953 
0 0.874512 0 3.31055 0.387695 0 0 10.3438 
0 1.97266 0 3.6543 2.70703 0 0 7.84375 
4.31641 1.24512 0 3.54883 3.07422 0 0 3.5625 
5.33203 0 0 2.63672 0.295166 0 0.602051 0 
4.01562 0 0 0.633789 0 0 1.60547 0 
0 0 0 0 0 0 0 0 
0 0 0 0 0 0 0 4.09766 
0 0 0 0 0 0 0 7.04297 
0 0 0 0 0 0 0 7.00391 
0 0 0 0 0 0 0 7.03516 
0 0 0 0 0 0 0 4.4375 
0 0 0 0 0 0 0 1.7207 
0 0 0 0 0 0 1.27832 0.516113 
0 2.89648 0 0 0 0 3.48438 1.85645 
0 5.17969 0 0 0 0 3.86719 3.60547 
1.16309 5.33203 0 0 0 0 5.33594 3.63672 
5.63672 4.0625 0 0 0 0 8.63281 5.03125 
0 0 0 0 0 0 0.693359 1.12988 
0.407959 0 0 0 0 0 1.52539 0 
1.07617 0 0 0 0 0 2.91602 0 
0 0 0 0 0 0 3.19922 0 
0 0 0 0 0 0 3.09961 0 
0 0 0 3.87109 0 0 3.86523 0 
0 0 0 4.8125 0 0 3.79492 0 
0 0 0 0.0875854 0 0 3.63086 1.10254 
0 0 0 0 0 0 3.36133 1.01172 
0 0 0 0 0 0 2.86133 0 
0 0 0 0 0 0 2.08789 0 
0 0 0 0 0 0 0 0 
0.690918 0 0 0 0 0 0 0 
0 0 0 0 0 0 0 0 
0 0 0 0 0 0 0 0 
0 0 0 0 0 0 0 0 
0 0 0 0 0 0 0 0 
0 0 0 0 0 0 0 0 
0 0 0 0 0 0 0 0 
0 0 0 0 0 0 0 0 
0 0 0 0 0 1.1875 0 0 
0 0 0 0.437744 0 3.71289 0 0 
0 0 1.13086 1.68457 0 1.19434 0 0 
0 0 0 5.01953 0 0 0 0 
0 0 0 6.8125 0 0 0 0 
0 0 0 4.39453 0 0 0 4.09766 
0 0 0 4.63672 0.239746 0 0 5.07812 
0 0 0 2.6875 1.29395 0 0 1.66113 
0 0 0 1.39062 0 0 0 0 
0 0 0 0 0 0 0 0 
0 0 0 0 0 0 0 0 
0 0 0 0 0 0 0 0.851074 
0 0 0 0 0 0 0 3.29492 
0 0 0 0 0 0 0 4.60938 
0 0 0 0 0 0 0 6.8125 
1.66602 0 0 0 0 0 0.296143 6.62109 
1.35938 0 0 0 0 0 2.75391 5.12109 
0 0 0 0 0 0 4.05859 5.41016 
0 0 0 0 0 0 4.27734 6.0625 
0 0 0 0 0 0 3.08398 6.05859 
0 0 0 0 0 0 3.80273 3.93945 
0 0 0 0 0 0 7.80859 3.7207 
0 0 0 0 0 0 0.215576 1.81445 
1.54004 0 0 0 0 0 0.397949 0 
1.68164 0 0 0 0 0 1.63281 0 
0.266357 1.46289 0 0 0 0 1.8418 0 
0 1.29492 0 0 0 0 1.99707 0 
0 0 0 3.05859 0 0 2.25 0 
0 0 0 3.07227 0 0 2.24414 0 
0 0 0 0 0 0 1.88477 1.93359 
0 0 1.42871 0 0 0 0.956055 0.955566 
0 0 3.36328 0 0 0 0 0 
0 0 2.9082 0 0 0 0 0 
0 0 0 0 0 0 0 0 
0.864258 0 0 0 0 0 0 0 
0 0 0 0 0 0 0 0 
0 0 0 0 0 0 0 0 
0 0 0 0 0 0 0 0 
0 0 0 0 0 0 0 0 
0 0 0 0 0 0 0 3.41602 
0 0.958496 0.197021 0 0 2.72852 0 1.6543 
0 0 2.89453 0 0 5.57812 0 0 
0 0 2.92773 0 0.455566 9.40625 0 0 
0 0 1.05957 0 4.20703 12.0234 0 0 
0 0 0 0 4.26562 9.35938 0 0 
0 0 0 0 3.32227 7.54297 0 0 
0 0 0 0 0.831543 6.70703 0 1.28418 
0 0 0 0 0 5.20703 0 2.94141 
0 0 0 0 0 4.28516 0 2.37305 
0 0 2.35938 0 0.184326 1.43457 0 0 
0 0 5.80469 0 0 1.92871 0 0 
0 0 6.83203 0 0 4.45312 0 0 
0 0 1.40527 0 0 4.46875 0 0 
0 0 0 0 0.0917969 0.219238 0 0 
0 0 0 0 0 0 0 0 
0 0 0 0 0 0 0 0 
4.49609 0 0 0 0 0 0 0.564941 
9.53125 0 0 0 0 0 0 3.08789 
9.94531 0 0 0 0 0 0 4.76562 
8.21875 0 0 0 0 0 0 5.91797 
6.57422 0 0 0 0 0 0 6.14062 
3.33008 0 0 0 0 0 0 5.89453 
2.60547 0 0 0 0 0 0 2.20508 
0 0 0 0 0 0 3.36133 1.66797 
0 1.86816 0 0 0 0 0 2.62695 
0.848145 1.80859 0 0 0 0 0 1.2207 
2.34961 3.14844 0 0 0 0 0.741699 0 
1.11523 3.30273 0 0 0 0 0 0 
0 1.25488 0 0 0 0 0 0 
0 0 0 3.92578 0 0 0 0 
0 0 0 0.907227 0 0 0 0.732422 
0 0 0 0 0 0 0 2.12109 
0 0 2.15039 0 0 0 0 1.7793 
0 0 3.5918 0 0 0 0 3.04688 
0 0 0.156006 0 0 0 0 0 
0 0 0 0 0 0 0 0 
0 0 0 0 0 0 0 0 
0 0 0 0 0 0 0 0 
0 0 0 0 0 0 0 0 
0 0 0 0 0 0 0 0 
0 0 0 0 0 0 0 0 
0 0 3.24219 0 0 0 0 0 
0 0 8.59375 0 0 0.521484 0 0 
0 0 10.8359 0 0 0.981445 0 0 
0 0 7.36328 0 1.9541 2.05273 0 0 
0 0 3.66016 0 8.30469 2.58008 0 0 
0 0 0 0 7.22656 0.548828 0 0 
0 0 0 0 3.2207 0 0 0 
0 0 0 0 0.12262 0.171143 0 0.229736 
0 0 0 0 0 0 0 0 
0 0 0 0 0.0856323 0 0 0 
0 0 1.64844 0 0 0 0 0 
0 0 4.86328 0 0 0 0 0 
0 0 7.08594 0 0 0 0 0 
0 0 3.89648 0 0 0 0 0 
0 0 0.89502 0 0 0 0 0 
0 0 0 0 0 0 0 0 
0 0 0 0 0 0 0 0 
4.0625 0 0 0 0 0 0 0 
12.0938 0 0 0 0 0 0 0 
13.3203 0 0 0 0 0 0 0.432129 
10.8672 0 0 0 0 0 0 2.44922 
9.42969 0 0 0 0 0 0 1.85645 
7.84766 0 0 0 0 0 0 4.67578 
8.11719 0 0 0 0 0 0 3.23828 
2.13086 0 0 0 0 0 0 2.1875 
0 1.66016 0 0 0 0 0 4.15625 
0.281982 1.70508 0 0 0 0 0.0814209 2.36914 
3.73438 1.8877 0 0 0 0 1.92188 0 
2.7832 0.597168 0 0 0 0 0.381836 0 
1.12402 0 0 0.689941 0 0 0 0 
0 0 0 1.76855 0 0 0 0 
0 0 0 0 0 0 0 0.271729 
0 0 0 0 0 0 0 0 
0 0 0.625 0 0 0 0 0 
0 0 0 0 0 0 0 1.77637 
0 0 0 0 0 0 0 0 
0 0 0 0 0 0 0 0 
0 0 0 0 0 0 0 0 
0 0 0 0 0 1.06348 0 0 
0 0 0 0 0 0 0 0 
0 0 0 0 0 0 0 0 
0 0 2.43164 0 0 0 0 0 
0 0 9.47656 0 0 0 0 0 
0 0 13.3672 0 0 0 0 0 
0 0 14.2188 0 0 0 0 0 
0 0 10.5078 0 5.73438 0 0 0 
0 0 7.21094 0 6.39062 0 0 0 
0 0 4.08594 0 2.55273 0 0 0 
0 0 0.67627 0 0.813477 0 0 0 
0 0 0 0 1.24512 0 0 0 
0 0 0 0 2.48438 0 0 0 
0 0 1.18945 0 2.98633 0 0 0 
0 0 2.12695 0 1.95996 0 0 0 
0 0 3.0332 0 0 0 0 0 
0 0 5.96875 0 0 0 0 0 
0 0 6.05859 0 0 0 0 0 
0 0 5.19141 0 0 0 0 0 
0 0 2.15039 0 0 0 0 0 
0 0 0 0 0 0 0 0 
0 0 0 0 0 0 0 0 
6.24609 0 0 0 0 0 1.54102 0 
10.7812 0 0 0 0 0 2.95898 0 
10.5781 0 0 0.802246 0 0 0 0 
10.8281 0 0 0.87207 0 0 0 0 
9.75 0 0 0 0 0 0 0 
9.80469 0 0 0 0 0 0 1.30469 
6.04688 0 0.197021 0 0 0 0 2.58594 
0 1.21094 0 0 0 0 0 4.65234 
0 1.0918 0 0 0 0 1.71289 0.976562 
3.18359 0 0 0 0 0 3.23242 0 
2.55078 0 0 0 0 0 1.09082 0 
0.564941 0 0 0 0 0 0 0 
0 0 0 0 0 0 0 0 
0 0 0 0 0 0 0 0 
0 0 0 0 0 0 0 0 
0 0 0 0 0 0 0 0 
0 0 0 0 0 0 0 0 
0 0 0 0 0 0 0 0 
0 0 0 0 0 0 0 0 
0 0 0 0 0 0 0 0 
0 0 0 0 0 0 0 0 
0 0 0 0 0 0 0 0 
0 0 0 0 0 0 0 0 
0 0 1.31934 0 0 0 0 0 
0 0 6.41406 0 0 0 0 0 
0 0 11.9141 0 0 0 0 0 
0 2.57617 14.0156 0 0 0 0 0 
0 3.45117 9.91406 0 1.0166 0 0 0 
0 2.71484 6.69531 0 0.449463 0 0 0 
0 2.26367 8.14844 0 0 0 0 0 
0 2.29883 8.74219 0 1.52246 0 0 0 
0 2.33789 6.69922 0 2.3418 0 0 0 
0 1.98242 6.48828 0 3.65625 0 0 0 
0 0 8.08594 0 4.47656 0 0 0 
0 0 5.17969 0 3.43945 0 0 0 
0 0.646973 2.49414 0 2.33594 0 0 0 
0 0.414307 4.19141 0 1.49805 0 0 0 
1.90234 0 6.13672 0 0 0 0 0 
6.79297 0 5.54297 0.388916 0 0 0 0 
4.86719 0 1.47363 0 0 0 0 0 
1.91016 0 0 0 0 0 0 0 
3.90039 0 0.0943604 0 0 0 2.67383 0 
11.0078 0 4.34375 0 0 0 7.80469 2.87891 
15.6797 0 6.50391 0 0 0 10.1562 4.05078 
13.2969 0 3.96484 0.970215 0 0 6.05469 1.29785 
11.3828 0 2.36914 3.47852 0 0 1.0957 0 
10.9844 0 2.52148 2.95898 0 0 0 1.74121 
7.64062 0 4.70703 0 0 0 0 7.72266 
3.91211 0 3.50977 0 0 0 0 8.63281 
0 0 0 0 0 0 1.35352 2.76758 
0 0 0 0 0 0 2.43164 0 
1.87891 0 0 0 0 0 3.58789 0 
0 0 0 0 0 0 0.532227 0 
0 0 0 0 0 0 0 0 
0 0 0 0 0 0 0 0 
0 0 0 0 0 0 0 0 
0 0 0 0 0 0 0 0 
0 0 0 0 0 0 0 0 
0 0 0 0 0 0 0 0 
0 0 0 0 0 0 0 0 
0 0 0 0 0 0 0 0 
0 0 0 0 0 0 0 0 
0 0 0 0 0 0 0 3.71289 
2.92383 0 0 0 0 0 0 4.96094 
1.2334 0 0 0 0 0 0 0 
0 0 0 0 0 0 0 0 
0 1.71484 0 0 0 0 1.79883 0 
0 11.7266 8.89062 0 0 0 3.26953 0 
0 17.8281 13.7812 0 0 0 2.86719 0 
0 16.125 12.4922 0 0 0 2.23438 0 
0 10.2812 10.1172 0 0 0 2.59766 0 
0 5.81641 10.6875 0 0.942871 0 3.84375 0 
0 3.81445 9.83594 0 4.78906 0 5.48438 0 
0 3.55469 4.66797 0 4.72266 0 5.88281 0 
0 4.54688 0.368164 0 2.79883 0 3.54102 0 
0 5.11719 0 0 2.21875 0 2.95312 0 
0 6.96094 0 0 1.06641 0 3.56445 0 
0 8.03906 0 0 0 1.17383 4.95312 0 
0 5.34766 1.83984 0 0 0 3.63477 0 
0 1.55664 1.20312 0 0 0 3.19336 0 
1.07617 0.157227 0 2.11914 0 0 3.67188 0 
1.20215 0 0 0 0 0 0.312256 0 
1.0918 0 0 0 0 0 0 0 
6.23047 0 0 0 0 0 0 0 
15.5156 0 2.26758 0 0 0 0 5.08594 
19.2344 0 7.67578 0 0 0 0 6.875 
13.9844 0 6.5625 4.01172 0 0 0 4.17578 
8.42188 0 4.87891 6.66016 0 0 0 1.38867 
6.15234 1.95215 5.38672 7.1875 0 0 0 7.08984 
1.05273 3.91016 6.84766 2.6875 0 0 0 13.9766 
0 1.31445 4.76562 0 0 0 0 11.9609 
0 0 0 0 0 0 3.21875 0.564941 
1.17871 0 0 0 0 0 4.16797 0 
3.5293 0 0 0 0 0 5.52344 0 
0.368652 0 0 0 0 0 1.55762 0 
0 0 0 0 0 0 0 0 
0 0 0 0 0 0 0 0 
0 0 0 0 0 0 0 0 
0 0 0 0 0 0 0 0 
0.911133 0 0 0 0 0 0 0 
3.89258 0 0 0 0 0 0 0 
1.52441 0 0 0 0 0 0 0.229736 
2.88477 0 0 0 0 0 0 3.42383 
0.573242 0 0 0 0 0 0 10.1953 
0 0 0 0 0 0 0 12.8203 
0 0 0 0 0 0 6.03906 11.2734 
0 0 0 0 0 0 10.3125 7.09766 
0 0 0 0 0 0 10.7266 0 
0 1.8877 0 0 0 0 10.3828 0 
0 12.7109 0 0 0 0 9.55469 0 
0 20.125 1.43945 0 0 0 5.47656 0 
0 18.6875 1.20996 0 0 0 2.44336 0 
0 13.2188 0.946289 0 0 0 2.35156 0 
0 8.58594 1.57617 0 0 0 3.90625 0 
0 6.75391 0.18335 0 0.924316 0 6.24609 0 
0 6.73047 0 0 0.708496 0 6.71094 0 
0 7.32422 0 0 0 0 3.70898 0 
0 7.71875 0 0 0 0.226074 2.88867 0 
0 9.16406 1.31641 0 0 3.77539 3.21094 0 
0 8.69531 4.51953 0 0 6.04297 3.68359 0 
0 4.96484 4.91016 0 0 6.96484 2.16992 0 
0 1.20605 0.761719 0 0 8.92188 1.46094 0 
0 0.869141 0 0 0 7.19531 1.00488 0 
0.305664 1.78906 0 0 0 0.486816 0 0 
0.966309 1.7002 0 0 0 0 0 0.327393 
6.14062 0.824707 0 0 0 0 0 2.67578 
13.2266 0.379883 0 0 0 0 0 7.29688 
13.75 0 1.02832 2.07812 0 0 0 10.0781 
6.16406 0 0.217529 6.63281 0 0 0 7.52734 
1.62695 0 0 7.45312 0 0 0 4.21875 
2.49219 0 0 6.42578 0 0 0 7.23828 
0 3.27344 3.43164 0.662109 0 0 0 11.0391 
0 2.68945 3.38281 0 0 0 0 5.73047 
0 0 0 0 0 0 2.43164 1.90137 
1.06836 0 0 0 0 0 3.13086 0 
2.87305 0 0 0 0 0 4.05859 0 
1.2334 0 0 0 0 0 0 0 
0 0 0 0 0 0 0 0 
1.13965 0 0 0 0 0 0 0 
3.61719 0 0 0 0 0 0 0 
9.10156 0 0 0 0 0 0 0 
12.3516 0 0 0 0 0 0 0.550781 
5.61719 0 0 0 0 0 0 6.36328 
0.226929 0 0 0 0 0 0 8.41406 
1.55566 0 0 0 0 0 0 12.9922 
0 0 0 0 0 0 0 19.2188 
0 0 0 0 0 0 3.64844 16.2656 
0 0 0 0 0 0 9.5 9.94531 
0 0 0 2.33008 0 0 6.80859 4.64453 
0 0 0 0 0 0 1.63281 0 
0 5.17188 0 0 0 0 0.124329 0 
0 15.9375 0 0 0 0 0 0 
0 22.3906 0 0 0 0 0 0 
0 20.75 0 0 0 0 0 0 
0 15.2969 0 0 0 0 0 0 
0 11.0703 0 0 0 0 0 0 
0 9.625 0 0 0 0 1.54102 0.61377 
0 9.45312 0 0 0 0 0.290771 0 
0 10.9609 0 0 0 0 0 0 
0 11.6406 0 0 0 0 0 0 
0 11.8125 0 0.0875854 0 0 0 0 
0 9.98438 0.518555 0 0 0 0 0 
0 5.38672 0.279053 0 0 1.29004 0 0 
0 0.780273 0 1.91602 0 4.75391 0 0 
0 0.132568 0 1.83887 0 6.5 0 0 
0 3.11523 0 0 0 1.97656 0 0.327393 
0 5.66016 0 0 0 0 0 1.40918 
2.32227 5.25391 0 0.0875854 0 0 0 1.36816 
8.50781 4.75781 0 3.84961 0 0 0 3.30078 
11.3906 2.86719 0 7.25391 0 0 0 4.48438 
6.75391 0 0 8.3125 0 0 0 5.11328 
1.87109 0 0 5.55469 0 0 0 6.36328 
0 0 0 2.56836 0 0 0 7.24609 
0 1.8291 0 0 0 0 0 8.26562 
0 1.25977 2.41797 0 0 0 0 3.18555 
0 0 0 3.81445 0 0 1.98633 7.38672 
0 0 0 2.02734 0 0 1.65918 4.88281 
1.89453 0 0 0.115601 0 0 2.07227 0 
3.4082 0 0 0 0 0 0 0 
3.43945 0 0 0 0 0 0 0 
8.23438 0 0 0 0 0 0 0 
14.6016 0 0 0 0 0 0 0 
21.5625 0 0 0 0 0 0 0 
19.0312 0 0 0 0 0 0 4.85938 
6.58984 0 0 2.54688 0 0 0 11.3672 
1.17871 0 0 5.26172 0 0 0 14.5859 
0 0 0 2.35742 0 0 0 20.5156 
0 0 0 0 0 0 0 23.3125 
0 0 0 0 0 0 3.58789 15.8516 
0 0 0 2.18945 0 0 7.10547 6.34375 
0 0 0 12.1094 0 0 2.68945 0 
0 0 0 4.17969 0 0 0 0 
0 7.30859 0 0 0 0 0 0 
0 17.5312 0 0 0 0 0 0 
2.03516 23.25 0 0 0 0 0 0 
0 21.3906 0 0 0 0 0 0 
0 17.0156 0 0 0 0 0 0 
0 13.3672 0 0 0 0 0 0 
0 11.7578 0 0 0 0 0 1.50781 
0 11.3516 0 0 0 0 0 0 
0 12.1719 0 0 0 0 0 0 
0 12.7734 0 0 0 0 0 0 
0 12.4688 0 0 0 0 0 0 
0 8.78906 0 0 0 0.995117 0 0 
0 2.10156 0 0 0 1.38672 0 0 
0 0 0 0 0 1.79785 0 0 
0 0 0 0.641113 0 0.0887451 0 0 
0 0 0 1.77637 0 0 0 0 
0 0.775391 0 4.46484 0 0 0 0 
0.816895 0.98291 0 8.89062 0 0 0 0 
7.07031 1.08691 3.92969 10.9922 0 0 0 0 
12.6094 0.488525 6.02734 10.4141 0 0 0 0 
15.2891 0 2.04492 7.66406 0 0 0 0 
10.0234 0 0 1.4541 0 0 0 0 
2.87695 1.09668 0 0 6.09766 0 0 0.920898 
0 3.13477 0 0 6.58984 0 0 2.4082 
0 2.08008 0.12854 0 0.98584 0 0 3.08594 
0 0 0 5.94531 0 0 2.21289 9.84375 
0 0 0 3.94141 0 0 1.03711 6.65625 
0 0 0 2.36523 0 0 1.13867 0 
1.81543 0 0 0.115601 0 0 0 0 
2.9082 0 0 0 0 0 0 0 
10.4609 0 0 0 0 0 0 0 
21.5625 0 0 0 0 0 0 0 
31.4531 0 0 0 0 0 0 0.516113 
30.2969 0 0 0 0 0 0 3.5957 
13.3359 0 0 4.93359 0 0 0 9.42188 
1.19434 0 0 8.625 0 0 0 15.3828 
0 0 0 7.12109 0 0 1.30469 24.0156 
0 0 0 3.5625 0 0 0 30.5 
0 0 0 13.7891 0 0 0 20.7188 
0 0 0.830078 27.9844 0 0 0 4.64453 
0 0 1.56934 43.75 0 0 0 0 
0 0 0 28.4531 0 0 0 0 
0 0 0 0 0 0 0 0 
0.226929 8.98438 0 0 0 0 0 0 
31.6562 16.5938 0 0 0 0 0 0 
18.125 17.6562 0 0 0 0 0 0 
0 14.5859 0 0 0 0 0 0 
0 11.1016 0 0 0 0 0 0 
0 9.625 0 0 0 0 0 5.53125 
0 9.32812 0 0 0 0 0 4.60156 
0 9.44531 0 0 0 0 0 0 
0 8.63281 0 0 0 0 0 0 
0 7.15625 0 0 0 2.08594 1.05859 0 
0 3.91992 0 0 0 6.25 7.14062 0 
0 0 0 0 0 7.91797 8.28125 0 
0 0 0 0 0 7.06641 5.54688 0 
0 0 0 0 0 2.17578 0 0 
0 0 0 1.34863 0 0 0 0 
0 0 0 3.26758 0 0 0 0 
0 0 0.840332 9.42188 0 0 0 0 
0.0617981 0 8.91406 14.1641 0 0 0 0 
4.13672 0 7.70703 14.0547 0 0 0 0 
11.5078 0 0.491211 6.37109 0 0 0 0 
15.8359 0 0 0 0 0 0 0 
11.1875 1.15625 0 0 12.5547 0 0 0 
0 4.14453 0 0 13.7344 0 0 0 
0 3.55469 0 0 5.05078 0 0 0 
0 0 0 2.75586 0 0 1.74512 9 
0 0 0 1.83887 0 0 0.473145 4.82031 
0 0 0 0.599121 0 0 0.102844 0 
0 0 0 0.697266 0 0 0 0 
1.53223 0 0 0 0 0 0 0 
14.625 0 0 0 0 0 0 0 
25.5469 0 0 0 0 0 0 0 
37.7188 0 0 0 0 0 0 0 
32.6875 0 0 0 0 0 0 0 
7.03125 0 0 3.0293 0 0 2.87305 4.88281 
0 0 0 5.43359 0 0 8.14844 9.00781 
0 0 0 6.75 0 0 10.1797 21.4062 
0 0 0 9.28125 0 0 5.64844 29.5625 
4.07812 0 3.16992 27.7344 0 0 2.37891 16.5312 
0 0 3.79297 50.7188 0 0 0 0 
0 0 4.51953 74.6875 0 0 0 0 
0 0 0 58.0625 0 0 0 0 
0 0 0 0 0 0 0 0 
1.82324 0 0 0 0 0 0 0 
59.5 5.28125 0 0 0 0 0 0 
52.8438 6.23828 0 0 0 0 0 0 
0 1.62598 0 0 0 0 0 0 
0 0 0 0.255615 0 0 0 0 
0 0 0 0 0 0 0 14.6172 
0 0 0 0 0 0 0 22.625 
0 0.458984 0 0 0 0 0 0 
0 3.09961 0 0 0 0 5.16797 0 
0 5.46484 0 0 0 0 12.875 0 
1.40625 7.13281 0 0 0 2.35352 20.2188 0 
3.57031 6.60547 0 0 0 0.253418 22.375 0 
3.61328 4.5625 2.1543 1.57324 0 0 19.6719 0 
1.09961 2.6543 5.82422 11 0 0 11.5156 0 
0 0.691406 6.16406 18.0156 0 0 0.521484 0 
0 0 6.3125 17.625 0 0 0 0 
0 0 9.11719 22.5 0 0 0 0 
0 0 10.9297 23 0 0 0 0 
4.07031 0 6.53125 14.6719 0 0 0 0 
10.0391 0 0 4.45312 0 0 0 0 
24.1875 0 0 0 0 0 0 0 
23.125 0 0 0 9.30469 0 0 0 
7.81641 1.43359 0 0 11.1641 0 0 0 
0 1.5127 0 0 2.07031 0 0 0 
1.39844 0 0 0.893066 0 0 1.00977 8.48438 
0 0 0 1.4043 0 0 0 3.06445 
0 0 0 1.34863 0 0 0 0 
1.07617 0 0 4.99609 0 0 0 0 
7.22656 0 0 2.48438 0 0 0 0 
24.4219 0 0 0 0 0 0 1.45117 
36.1875 0 0 0 0 0 0 1.92578 
55.5938 0 0 0 0 0 0 1.00488 
39.2188 0 0 0 0 0 0 0 
2.35742 0 0 0 0 0 1.85742 3.66797 
0 0 0 0 0 0 8.15625 7.92188 
0 0 0 2.37109 0 0 12.0781 28.3438 
0.15625 0 3.30859 7.60938 3.40039 0 10.1641 28.7344 
8.32031 0 5.44141 31.1875 0 0 9.67969 7.24219 
0 0 2.66016 69.125 0 0 4.45703 0 
0 0 3.72852 109.625 0 0 0 0 
0 0 0 102.625 0 0 0 0 
0 0 0 0 0 0 0 0 
0 0 0 0 0 0 0 0 
74.5625 2.22461 0 0 0 0 0 0 
92.8125 1.66016 0 0 0 0 0 0 
0 0 0 0 0 0 0 0 
0 0 0 4.375 0 0 0 0 
0 0 0 6.41406 0 0 0 17.4375 
0 0 0 0.830078 0 0 0 52.1562 
3.00781 3.22852 0 0 0 0 0 0 
3.62891 7 0 0 0 0 5.05859 0 
0 9.64844 0 0 0 2.38867 11.5234 0 
0 11.8281 0 0 0 8.40625 18.1094 0 
0 11.8984 0 0 0 5.30469 19.4688 0 
0 9.125 2.5957 10.0547 0 0 14.9766 0 
0 3.96094 6.30859 23.9688 0 0 7.42969 0 
0 0 6.14844 36.125 0 0 0 0 
0 0 6.58984 39.0938 0 0 0 0 
0 0 9.42969 46.5312 0 0 0 0 
0.00675964 0 10.0781 44.75 0 0 0 0 
6.22266 0 9.0625 29.4531 0 0 0 0 
12.9922 0 2.25781 14.3125 0 0 0 0 
28.3125 0.661621 0 6.14844 0 0 0 0 
26.6406 2.13086 0 3.47852 5.20312 0 0 0 
10.0078 2.17578 0 0 8.41406 0 0 0 
0 1.39844 0 0 2.83984 0 0 0 
4.60547 0 0 0.332764 0 0 0 4.93359 
0.15625 0 0 1.76855 0 0 0 0 
2.46094 0.132568 0 3.8418 0 0 0 0 
6.58203 0 0 9.03906 0 0 0 0 
10.7969 0 0 7.35547 0 0 0 3.28125 
21.4062 0 1.96289 0 0 0 0 4.95703 
27.4531 0 6.42969 0 0 0 0 5.40234 
52.75 0 13.25 0 0 0 0 1.63281 
33.8438 0 10.9922 0 0 0 0 0 
0 0 1.95605 0 0 0 0 0 
0 0 0 0 0 4.6875 4.47656 0 
0 0 0 2.14648 5.19922 5.53906 8.45312 22 
0 0 0 10.5859 12.2969 0 8.79688 21.5781 
0 0 1.63086 31.25 4.07422 0 8.125 0.383301 
0 0 0 73.4375 0 0 0.677246 0 
0 0 0 137.875 0 0 0 0 
0 0 0 148.5 0 0 0 0 
0 0 0 3.05078 0 0 0 0 
6.22656 0 0 0 0 0 0 0 
110.688 4.96875 0 0 0 0 0 0 
175.75 2.1543 0 0 0 0 0 0 
0.313477 0 0 0 0 0 0 11.3359 
0 0 0 9.40625 0 0 0 0 
0 0 0 11.5859 0 0 0 40.0312 
0 0 0 2.37891 0 0 0 127.562 
11.25 0 0 0 0 0 0 41.4062 
13.1484 0.0632935 0 0 0 0 0 0 
8.09375 0.127563 0 0 0 1.68164 2.01953 0 
3.42383 0.82959 0 0 0 9.61719 9.64844 0 
0.644043 1.05273 0 7.34375 0 5.62109 11.7188 2.27539 
0 0 0 18.7812 0 0 7.55469 0 
0 0 0.231201 25.7188 0 0 0.274658 0 
0 0 2.4082 25.7812 0 0 0 0 
0 0 5.12109 27.0156 0 0 0 0 
0 0 6.82031 40.8125 0 0 0 0 
0 0 6.72266 45.6562 0 0 0 0 
4.83984 0 8.92969 33.6562 0 0 0 0 
10.3281 4.44141 7.91406 24.25 0 0 0 0 
20.5781 8.71094 0 18 0 0 1.19238 0 
20.4688 9.32812 0 12.9062 0.689941 0 2.25586 0 
6.07812 5.90625 0 1.4541 5.02344 0 0 0.29248 
0 2.87305 0 0 5.26172 0 0 2.38672 
8.01562 1.46777 0 1.11719 0 0 0 0 
4.58203 1.65527 0 2.42773 0 0 0 0 
6.21484 0.62207 0 5.50781 0 0 0 0 
6.66406 0 0 10.6953 0 0 0 4.36719 
0 0 0 8.01562 0 0 0 5.9375 
0 0 10.7656 0 0 0 0 5.3125 
0 0 21.2812 0 0 0 0 2.41797 
5.81641 0 36.125 0 0 0 0 0 
0 0 30.7188 0 0 0 0 0 
0 0 11.5703 0 0 3.86914 1.32129 0 
0 0 0 0 7.89844 8.98438 2.51367 0 
0 0 0 0.704102 20.7656 10.1016 2.91016 0 
0 0 0 0 25.5312 6.64453 2.95312 0 
0 0 0 0 10.7891 0 0.435547 0 
0 0 0 0 0 0 0 0 
0 0 0 4.83984 0 0 0 0 
0 0 0 13.8672 0 0 0 0 
0 0 0 0 0 0 0 0 
0 0 0 0 0 0 0 0 
104.688 1.62109 0 0 0 0 0 0 
217.875 1.91797 0 0 0 0 1.34277 0 
18.9062 0 0 7.55859 0 0 4.32031 13.9297 
0 0 0 18.7969 0 0 4.12109 0 
0 0 0 16.875 0 0 3.41406 43.375 
1.71387 0 0 2 0 0 0 181.625 
10.1797 0 0 0 0 0 0 72.125 
9.96875 1.80371 0 0 0 0 0 5.86719 
13.5234 1.88281 0 0 0 0 0 0 
12.25 1.65527 0 8.69531 0 3.77539 5.76172 0 
0.761719 0.0039444 0 10.375 0 0 7.33203 3.67188 
0 0 0 0 0 0 2.85547 0.746582 
0 0 0 0 0 0 0 0 
0 0 0 0 0 0 0 0 
0 0 2.01367 0 0 0 0 0 
0 0 5.69141 0 0 0 0 0 
0 0 3.48828 0 0 0 0 0 
0.581055 0 3.05078 0 0 0 0 0 
3.2832 3.10547 6.41797 2.40625 0 0 0.231689 0 
14.5469 8.86719 3.875 7.37891 0 0 5.06641 0 
20.8594 9.83594 0 11.0625 0 0 7.51172 0 
6.69531 5.09375 0 1.53027 0 0 4.30859 6.13281 
0 0.612305 0 1.0332 2.43555 0 2.64062 3.74219 
5.59766 2.03711 0 1.0127 3.96094 0 0 0 
1.91016 1.34863 0 4.27734 0.437012 0 0 0 
3.62891 0 0 7.17969 0 0 0 2.29883 
0.753906 0 0 9.57812 0 0 0 6.58984 
0 0 0 3.89258 0 0 0 4.73047 
0 0 10.9297 0 0 0 0 1.58398 
0 0 19.2812 0 0 0 0 0 
0 0 36.7812 0 0 0 0 0 
0 0 22.7656 0 0 0 0 0 
0 0 0 0 0 0.377197 0 0 
0 0 0 0 5.01953 2.64258 0 0 
0 0 0 0 22.2031 5.80859 0 0 
0 0 0 0 22.3594 4.83594 0 0 
0 0 0 0 1.57812 0.748047 0 0 
0 0 0 0 0 0 0 0 
0 0 0 0 0 14.1016 0 0 
0 0 0 0 0 5.32031 0 0 
0 0 0 0 0 0 0 0 
0 0 0 0 0 0 0 0 
0 0 0 0 0 0 0 0 
0 0 0 0 0 0 9.40625 0 
0 0 0 14.0469 0 0 14.8125 0 
0 0 0 27.3125 0 0 12.7812 0 
0 0 0 21.6719 0 0 12.9766 0 
10.2891 0 0 0 6.14844 0 1.66504 31.7188 
10.1953 0 0 0 0 0 0 0 
1.50098 0 0 0 0 0 0 0 
0 0 0 0 0 3.65625 0 0 
0 0 0 0 0 10.1094 0 5.51172 
0 0 0 0 0 6.03906 0.306885 6.85156 
0 0 0 0 0 0 0 0 
0 0 0 0 0 0 0 0 
0 0 0 0 0 0 0 0 
0 0 4.9375 0 2.75 0 0 0 
0 0 9.67188 0 1.95996 0 0 0 
0 0 7.87109 0 0 0 0 0 
0 0 5.26562 0 0 0 0 0 
0 0 8.67188 0 0 0 5.78125 0 
10.5938 3.42578 12.5078 3.60352 0 0 8.86719 0 
23.2812 6.00391 6.34375 9.10156 0 0 12.8906 0.0552063 
9.95312 2.14062 0 0 0 0 8.96094 10.4688 
0 0 0 0 0 0 5.17188 1.00488 
0.777344 1.49219 0 0 7.39062 0 0 0 
0 0 0 2.89062 0.116455 0 0 0 
0 0 0 1.95117 0 0 0 8.25781 
0 0 0 0 0 0 0 10.4453 
0 0 0.625 0 0 0 0 3.875 
0 0 17.6094 0 0.110291 0 0 0 
0 0 28.2031 0 0.65918 0 0 0 
0 0 53.5625 0 2.28711 0 0 0 
0 0 31 0 3.80469 0 0 0 
0 0 0 0 5.0625 0 0 0 
0 0 0 0 12.2578 0 0 0 
0 0 0 0 38.8438 0 0 0 
0 0 0 0 28.8906 1.35156 0 0 
0 0 0 0 0 7.52734 0 0 
0 0 0 0 0 26.9219 0 0 
0 0 0 0 0 66.375 0 0 
0 0 0 0 0 56.9375 0 0 
0 0 0 0 0 0 0 0 
0 0 0 6.67188 2.48438 0 0 0 
0 0 0 12.6953 0 0 0 0 
0 0 0 3.07227 0 0 15.3828 0 
0 0 0 9.28125 0 0 17.25 0 
0 0 0 24.2969 0 0 9.89844 0 
0 0 0 20.5 0 9.57031 10.7812 0 
18.5312 2.37305 0 0 0 9.20312 0.907715 0 
16.1719 4.67578 0 0 0 9.60938 0 0 
1.58008 3.6875 0 0 0 7.71484 0 0 
0 0 0 0 0 6.08203 0 0 
0 0 0.18335 0 0 7.94922 0 3.62891 
0 0 2.92188 0 0 8.02344 0 7.05078 
0 0 2.85938 0 0 8.84375 0 0 
0 0 0 0 0 16.7969 0 0 
0 0 0 0 1.16504 30.9219 0 0 
0 0 0 0 5.41016 43.1875 0 0 
0 0 3.68359 0 3.94531 52.0312 1.04785 0 
0 0 5.49609 0 0 35.5938 0 0.411133 
0.981934 0 10.0078 0 0 4.14453 2.47461 2.26562 
4.73828 0 14.7109 0 0 0 8.03125 0.271729 
15.5859 0 17.7969 0 0 0 10.6406 3.14844 
40.0938 0.453857 12.0234 8.6875 0 0 17.0938 8.91406 
23.1719 0 0 1.13867 0 2.17578 14.0781 14.5234 
5.52344 0 0 0 0 4.28516 10.4141 0 
0 1.46777 0 0 6.44922 0 0 0 
0 0 0 0 0 0 0 0.453125 
0 0 0 0 0 0 0 16.5781 
0 0 0 0 0 0 0 16.0625 
0 0 3.58203 0 0 0 0 3.17188 
0 0 17.4688 0 4.94922 0 0 0 
0 0 25.875 0 5.29688 0 0 0 
0 0 54 0 6.74219 0 0 0 
0 0 35.4688 0 5.53125 0 0 0 
0 0 0 0 0.887207 0 0 0 
0 0 0 0 10.2188 0 0 0 
0 0 0 0.746094 44.0625 0 0 0 
0 0 0 0 35.1875 10.1953 0 0 
0 0 0 0 1.63965 29.0312 0 0 
0 0 0 0 0 69.6875 0 0 
0 0 0 0 0 154.375 0 0 
0 0 0 0 0 167.375 0 0 
5.41016 0 0 0 0 0 0 0 
0 0 0 0 5.32422 0 0 0 
0 0 0.470703 2.71484 0.356934 0 0 0 
0 0 65.1875 0 6.01562 0 4.36328 0 
0 0 0 0 0.788574 0 5.32422 0 
0 0 0 3.51953 0 0 0 0 
13.2188 0 0 2.86133 0 18.5156 0 0 
19.0938 0 0.566406 0 76.5 16.4531 0 0 
13.8125 7.41797 4.89062 0 8.46875 14.7109 0 0 
0 6.05859 4.01953 0 0 1.82617 0 0 
0 0.206665 6.97266 0 0 0 0 16.2188 
0 0 7.10547 0.605957 0 1.9082 0 2.42578 
0 0 3.63672 1.88086 0 10.9062 1.80469 0 
0 0 0 0 0.00546265 15.8516 0 0 
0 0 0 0 1.13965 21.2656 0 0 
0 0 0 0 2.05859 30.3281 0 0 
0 0 0 0 5.48828 38.9062 0 0 
0 0 0 0 3.45312 45.8438 0 0 
0 0 2.38672 0 0 35.875 0 0 
0 0 11.3359 0 0 7.42969 0 0 
8.38281 0 15.4297 0 0 0 0.0116196 0 
28.5469 0 12.0781 0 0 0 5.80859 2.15039 
63.5312 0 5.71484 3.68164 0 3.50391 18.2812 10.9141 
42.7812 0 0 2.17578 0 1.2627 18.5469 11.1484 
17 0 0 0 0 5.05469 14.8359 0 
0 0 0 0 5.00391 0 0 0 
0 0 0 0 0 0 0 2.50586 
0 0 0 0 0 0 0 12.4688 
0 0 0 0 0 0 0 9.60156 
0 0 0 0 0.757812 0 0 0 
0 0 4.57812 0 8 0 0 0 
0 0 6.86719 0 7.96094 0 0 0 
0 0 25.6562 0 3.69336 0 0 0 
0 0 18.0781 0 0 0 0 0 
0 0 0 0 0 0 0 0 
0 0 0 0 0 0 0 0 
0 0 0 0 26.7188 0 0 0 
0 2.83203 0 0 25.8125 1.21484 0 0 
0 2.64453 0 0 0 0 0 0 
0 0 0 0 0 8.85156 0 0 
0 0 0 0 0 60.625 0 0 
0 0 0 0 0 71.125 0 0 
0 0 0 0 0 0 0 0 
0 0 0 0 0.961426 0 0 0 
0 0 77.1875 0 7.10156 0 0 0 
0 0 213 0 22.8594 0 0 0 
0 0 24.8906 0 14.1797 0 0 0 
0 0 0 0 0 0 0 0 
8.74219 0 0 0 51.5625 21.2031 0 0 
11 0 6.41797 0 208.125 21.6719 0 0 
3.61719 2.80273 6.11719 0 99.5 14.8672 0 1.20703 
0 1.58691 0 0 13.1562 0 0 4.52734 
0 0 5.58594 0 0 0 0 10.1172 
0 0 6.62891 0 0 4.71094 0 0 
0 0 0 2.07812 0 12.3359 0 0 
0 0 0 0 0 9.03125 0 0 
0 0 0 0 0 0.143677 0 0 
0 0 0 0 0 0 0 0 
0 0 0 0 0 0 0 0 
0 1.14648 0 0 0 0 0 0 
0 0 0 0 0 0 0 0 
0 0 5.21875 0 0 0 0 0 
2.2793 0 3.83398 0.0735474 0 0 0 0 
31.5781 0 0 0 0 0 2.08398 0 
62.2188 0 0 0 0.245972 0 18.7969 0 
38.5625 0 0 0 2.73047 0 23.0938 0 
11.5859 0 0 0 0 3.63086 20.5 0 
0 0 0 0 0 0 0 0 
0 0 0 0 0 1.37305 0 0 
2.00391 0 0 0 0 2.32031 0 0 
2.59375 0 0 0 0 5.94531 0 0 
0 0 0 0 0.776367 4.28516 0 0 
0 0 0 0 6.24609 0 0 0 
0 0 0 0 6.14453 0 0.263916 0 
0 0 4.18359 0 0.480225 0 5.21875 0 
5.98438 0 2.57227 0 0 0 0.118958 0 
7.00781 0 0 0 0 0 0 0 
0 0 0 0 0 0 0 0 
0 0 0 0 6.71875 0 0 0 
0 0 0 0 10.5859 0 0 6.16406 
0 0 0 0 0 0 0 2.44336 
0 0 0 0 0 0 0 0 
0 0 0 0 0 0 0 0 
0 0 0 0 0 0 0 0 
0 0 0 0 0 0 0 0 
0 0 0 0 0 0 0 0 
0 0 0 0 2.82617 0 0 0 
0 0 38.375 0 24.6406 0 0 0 
0 0 0 0 14.9531 0 0 0 
0 0 0 0 0 7.92969 0 0 
11.9844 0 0 0 0 20.7812 0 0 
17.3906 0 0.79248 0 98.0625 15.8906 0 6.34375 
8.98438 0 0.361328 0 49.6875 9.85938 0 14.8828 
0 0 0 0 0 0 0 13.5391 
0 0 0 0 0 0 0 11.4375 
0 0 0 0 0 0 2.04102 4.48438 
0 0 0 0 0 0 4.32812 4.39453 
0 0 0 0 0 0 0 0 
0 0 0 0 0 0 0 1.24902 
0 0 0 0 0 0 0 0 
0 0 0 0 0 0 0 0 
0 0.884277 0 0 0 0 0 0 
0 0 0 0 0 0 0 0 
0 0 0 0 0 0 0 0 
0 0 0 0 0 0 0 0 
23.6875 0 0 0 0.961426 0 0 0 
40.1562 0 0 0 5.51172 0 11.5469 0 
21.2031 0 0 2.25977 0.245972 0 23.7344 0 
0.753906 0 0 3.35938 0 0 22.5625 0 
0 0 0 0 0 0 0 0 
0 0 0 0 0 0.0200806 0 0 
2.94336 0 0 0 0 1.41406 0 0 
1.5957 0 0 0 0.295166 3.22266 0 1.12988 
0 0 0 0 2.12109 0.713379 0 0 
0 0 0 0 2.10742 0 0 0 
0 0 0 0 2.97461 0 0 0 
0 3.94336 0 0 0 0 1.2832 0 
5.66406 1.4082 0 0 0 0 0 0 
9.50781 0 0 0 1.77539 0 0 0 
1.06836 0 0 0 0 0 0 0 
0 0 0 0 0 0 0 0 
0 0 0 0 4.00781 0 0 11.5625 
7.49609 0 0 0 0 0 0 18.4219 
0 0 0 0 0 0 0 0 
0 0 0 0 0 0 2.15234 0 
0 0 0 0 0 0 0 0 
0 0 0 0 0 0 0 0 
0 0 0 0 0 0 0 0 
0 0 0 0 0 12.125 0 0 
0 0 0 0 16.4219 1.8877 0 0 
0 0 0 0 24.0156 1.3584 0 0 
0 0 0 0 0 15.7422 0 0 
0.974121 0 0 0 0 18.2188 0 0 
4.53125 0 0 0 9.80469 9.72656 0 0 
0 0 0 0 0 2.29297 0 6.97656 
0 0 0 0 0 0 0 6.51953 
0 0 0 0 0 0 0 4.28906 
0 1.3291 0 0 0 0 4.85938 3.79688 
0 5.625 0.402344 0 0 0 5.32422 4.44531 
0 5.20312 2.14844 0 0 0 2.5332 3.64648 
0 2.49609 2.19922 0 0 0 4.17578 2.52344 
0 0 1.77832 0 0 0 10.9844 0 
0 0 0 0 0 0 14.7578 0 
0 0 0 0 0 0 11.4141 0 
0 0 0.231201 0 0 0 3.60742 0 
0 3.22852 0 0 0.35083 0 0 0 
0 6.07812 0 0 0 0 0 0 
0.635742 9.29688 0 0 2.42188 0 0 0 
11.1953 7.22266 0 0 1.35547 0 19.125 0 
3.4043 0.963379 0 1.02637 0 0 26.4375 0 
0 0 0 1.11719 0 0 21.2969 0 
0 0 0 0 0 0 0 0 
0 0 0 0 0.418701 0 0 0 
0 0 0 0 13.2109 0 0 0.138916 
0.203369 0 0 0 12.6484 0 0 1.43066 
0 0 0 0 3.22656 0 0 0 
0 0 0 0 0 0 0 0 
0 1.20117 0 0 0 0 0 0 
0 10.5469 0 0 0.12262 0 0 0 
0 16.3125 0 0 0.54834 0 0 0 
0.69873 8.47656 0 0 1.48535 0 0 0 
0.659668 0 0 0 0 0 0 0 
0 0 0 0 0 3.5 0 0 
0 0 0 0 1.74414 7.41406 7.8125 3.47266 
2.52344 0 0 0 0 6.39844 23.6875 15.5312 
0 0 0 0 0 0.548828 48.875 9.11719 
0 0 0 0 0 0 102.125 0 
0 0 0 0 0 0 119.562 0 
0 0 0 0 0 0 16.8438 0 
0 0 0 0 0 0 0 0 
0 0 0 0 0 6.44922 0 0 
0 0 0 0 2.62695 4.38672 0 0 
0 0 0 0 25.3281 4.02344 0 0 
0.329102 0 0 0 0 13.7578 0 0 
13.2344 0 0 0 0 13.875 0 0 
13.6016 0 0.689941 0 0 4.8125 0 0 
0 0 0 0 0 1.30371 0 7.90234 
0 0 0 0 0 0 0 9.3125 
0 0 0 0 0 0 0.666504 8.52344 
0 2.58984 0 0 0 0 6.77734 11.75 
0 8.54688 0.552734 0.0525513 0 0 9.42188 10.1562 
0 7.26172 3.52734 0 0 0 10.0703 7.3125 
0 3.57031 4.69531 0 0 0 17.3281 3.7832 
0 0 3.46094 0 0 0 28.375 0 
0 0 0 0 0 0 29.8125 0 
0 0 0 0 0 0 25.7969 0 
0 0 0 0 0 0 19.9844 0 
0 0 0 0 0 0 1.68652 0 
0 8.34375 0 0 0 0 0 0 
0 13.125 15.3438 0 0 0 1.76172 0 
0 10 34.5625 0 0 1.97656 18.8125 0 
0 0 17.4062 0 0 0.239746 22.375 0 
0 0 9.66406 0 0 2.25781 16.1562 0 
0 0 0 0 1.61523 0 0 0 
0 0 0 0 5.94922 0 0 2.91016 
0 0 0 0 12.6797 0 0 3.08203 
0.187622 0 0 0 6.59766 0 0 2.4668 
0 0 0 0 0 2.26562 0 0 
0 0 0 0 0 0 0 0 
0 0 0 2.99414 0 0 0 0 
0 4.99219 0 5.60938 0 0 0 0 
0 14.0234 5.27344 0 0 0 0 0 
6.625 7.50781 0 0 0 0 0 0 
9.32031 0 0 0 0 0 0 0 
8.86719 0 0 0 0 0 0 0 
6.14062 0 0 0 0 0 15.0234 4.30469 
2.32617 0 0 0 0 0 21 13.3125 
0 0 0 0 0 0 32.0312 12.4062 
0 0 0 0 0 0 71.875 3.69922 
0 0 0 0 0 0 95.8125 0 
0 0 0 0 0 0 37.5625 0 
0 0 0 0 0 0 0 0 
0 29.125 0 0 0 0.988281 0 0 
0 102 0 0 0 5.94531 0 0 
0 116.812 0 0 14.1172 0 0 0 
2.02734 86.1875 0 0 1.28223 5.41797 0 0 
7.46094 33.0938 1.28516 0 0 7.72656 0.199463 0 
11.2422 0.384766 3.57031 0 0 1.50293 6.08984 0 
2.13867 0 0 0 0 0 8.54688 1.58398 
0 0 0 0 0 0 6 4.14062 
0 0 0 0 0 0 5.53906 1.8252 
0 0 0.0327759 0 0 0 10.0703 11.5469 
0 3.07422 1.22754 0 0 0 8.875 14.3438 
0 2.08008 6.61328 0 0 0 10.9922 11.6406 
0 0 7.50781 0 0 0 18.6562 6.04688 
0 0 3.57422 0 0 0 23.2031 0 
0 0 0 0 0 0 15.3438 0 
0 0 0 0 0 0 5.04688 0 
0 0 0 0 0 0 0 0 
0 3.39648 0 0 0 0 0 0 
0 7.61719 4.69531 0 0 0 0 0 
0 11.0391 32.4375 0 0 0 0 0 
0 10.2734 44.4375 0 0 0 8.33594 0 
0 0.0187836 25.2656 0 0 0 13.4609 0 
0 0 14.4219 0 0 0 13.9219 0 
0 0 0 0 4.07812 0 0 1.20703 
0 0 0 0 0.424805 0 2.5293 3.6582 
0 0 0 0 0 0 5.57031 0.585938 
0 0 2.89062 0 0 0 6.11719 0 
0 0.513184 0 0 0 5.55469 4.35547 0 
0 0 0 0 0 0 0 0 
0 0 0 7.95703 0 0 0 0 
0 0 0 11.4609 0 0 0 0 
0.706543 5.26562 11.5 2.93945 0 0 0 0 
4.80469 0 4.86328 2.82617 0 0 0 0 
9.59375 0 0 2.89648 0 0 0 0 
11.1797 0 0 1.20117 0 0 1.69141 0 
9.11719 0 0 0 0 0 14.3594 6.58984 
1.65039 0 0 0 0 0 10.7266 10.2656 
0 0 0 0 0 0 7.59375 7.84375 
0 0 0 0 0 0 27.6406 1.57031 
0 0 0 0 0 3.79883 48.1875 0 
0 0 0 0 0 0 26.9062 0 
0 0 0 0 0 0 0 0 
0 7.09375 0 0 0 0 0 0 
0 53.5938 0 0 0 0 0 0 
0 73.4375 0 3.10742 5.30469 0 0 0 
0 51.5938 0 0 3.31641 0 1.93262 0 
4.40625 13.2656 4.75391 0 5.0625 1.70898 11.1406 0 
9.04688 0 5.93359 0 0 0 18.5781 0 
1.52441 0 3.61914 0 0 0 20.875 0 
0 0 0.162842 0 0 0 20.0469 0.634766 
0 0 2.45898 0 0 0 17.2969 2.88672 
0 0 5.50391 0 0 0 15.3906 9.64844 
0 0 6.0625 0 0 0 6.61328 10.6875 
0 0 8.5625 0 0 0 0.693359 8.44531 
0 0 7.28516 0 0 0 1.84766 5.96875 
0 0 1.72656 0 0 0 0.194092 3.00781 
0 0 0 0 0 0 0 0 
0 0 0 0 0 0 0 0 
0 0 0 0 0 0 0 0 
0 0 0 0 0 0 0 0 
0 0 3.67383 0 0 0 0 0 
0 0 21.7812 0 0 0 0 0 
0 0 23.2031 0 0 0 0 0 
0 0 9.36719 0 0 0 2.79102 0 
0 0 2.4043 0 0 0 5.875 0 
0 0 0 0 5.76953 0 1.29395 4.66016 
0 0 0 0 0.147339 0 6.23828 5.67969 
0 0 0 0 0 0 9.79688 2.61328 
0 0 1.84961 0 0 0 11.0938 0 
0 0 0 0 0 4.39844 8.67188 0 
0 0 0 0 0 0 0 0 
0.462891 0 1.92188 4.19922 0 0 0 0 
0 0 5.26172 6.22656 0 1.49609 0 0 
3.39648 1.55664 11.2109 0 0 0 0 0 
2.82227 0 6.60156 0 0 0 0 0 
3.78516 0 0 2.79102 0 0 0 0 
6.29297 0 0 2.49805 0 0 3.63477 0 
2.60156 0 0 0 0 0 10.3516 7.44141 
0 0 0 0 1.05371 0 3.39648 12.8125 
0 0 0 0 0 0 0 8.27344 
0 0 0 0 0 0.748047 3.58398 2.66602 
0 0 0 0 0 9.54688 21.1719 0 
0 0 0 0 0 6.33984 18.0469 0 
0 0 0 0 0 0 0 0 
0 0 0 0 0 0 0 0 
0 2.53125 0 0 0 0 0 0 
0 17.9844 0 0 0 3.30469 0 0 
0 2.19531 3.76562 0 0.788574 0 6.59766 0 
0 0 6.61719 0 5.35547 0 14.3672 0 
0.15625 0 6.49609 0 0.912109 0 24.3281 0 
0 0 3.88672 0 0 0 28.625 0 
0 0 4.71094 0 0 0 25.0156 0 
0 0 8.95312 0 0 0 15.0703 2.14648 
0 0 11.4688 0 0 0 3.72852 4.08203 
0 0 12.4844 0 0 0 0 0.390381 
0 0 12 0 0 5.93359 0 0 
0 0 8.375 0 0 7.13672 0 0 
0 0 3.15039 0 0 0 0 0 
0 0 0 0 0 0 0 0 
0 0 0 0 0 0 0 0 
0 0 0 0 0 0 0 0 
0 0 0 0 0 0 0 0 
0 0 0 0 0 0 0 0 
0 0 5.05859 0 0 0 0 0 
0 0 3.22461 0 0 0 0 0 
0 0 0 0 0 0 0 0 
0 0 0 3.57031 0 0 0.64502 0 
0 7.96094 0 0 3.9082 0 5.42969 5.33984 
0 8.74219 0 0 0 0 8.85938 4.89844 
0 6.0625 0 0 0 0 10.3203 1.84277 
0 2.44141 0 0 0 0 10.0938 0 
0 0 0.0122375 0 0 2.69336 7.89062 0 
3.61719 0 4.58984 0 0 0 0 0 
3.41211 0 4.85938 1.0332 0 0 0 0 
0 0 3.32227 0 0 4.30469 0 0 
0 0.251221 2.53125 0 0 0 3.31445 0 
0 0 0 0 0 0 0.907715 0 
0 0 0 0 0 0 2.67969 0 
0.494385 0 0 0 0 0 4.35547 0 
0 0 0 0 0 0 6.05469 0 
0 0 0 0 0 0 0.505371 5.98047 
0 0 0 0 0 0 0 7.91016 
0 0 0 0 0 0 0 5.23438 
0 0 0 0 0 0 12.4062 0 
0 0 0 0 0 0 19.6719 0 
0 0 0 0 0 0 3.11914 0 
0 0 0 0 0 0 0 0 
0 0 0 0 0 0 0 0 
0 0 7.82422 0 0 0 0 0 
0 0 14.0625 0 0 0 8.35156 0 
0 0 16.7812 0 1.80566 0 14.7891 0 
0 0 9.44531 0 0.97998 0 23.5156 0 
0 0 4.11328 0 0 0 28.9375 0 
0 1.70996 2.1582 0 0.171997 0.026947 24.0625 0 
0 5.80469 6.01172 0 7.73047 0 11.0703 0 
0 5.40625 5.72266 3.88477 3.33594 0 0 0 
0 3.77148 4.23438 0.893066 0 0 0 0 
0 0.90918 4.19141 0 0 0 0 0 
0 0 4.04297 0 0 0 0 0 
0 0 1.26855 0 0 0 0 0 
0 0 0 0 0 0 0 0 
0 0 0 0 0 0 0 0 
0 0 0 0 0 0 0 0 
0 0 0 0 0 0 0 0 
0 4.72266 0 0 0 0 0 0 
0 12.5859 0 0 0 0 0 0 
0 12.2422 0 0 0 0 0 0 
0 6.60156 0 2.46875 0 0 0 0 
0 2.79883 0 6.89062 0 0 0 0 
0 9.64062 0 0 2.08984 0 7.87891 5.61719 
0 8.91406 0 0 0 0 10.1953 4.61328 
0 6.27344 0 0 0 0 9.46875 0.809082 
0 2.11523 0 0 0 0 6.94922 0 
0 0 0 0.662109 0 0 4.85938 0 
2.88867 0 5.80859 0 0 0 0 0 
0 0 5.51562 0 0 0 0 0 
0 0 1.51758 0 0 1.24219 1.54688 0 
0 0 0 0 0 0 11.0078 0 
0 0 0 0 0 0 10.6016 0 
0 0 0 0 0 0 7.99219 0 
0 0 0 0 0 0 2.49219 0 
0 0 0 0 0 0 0.194092 0 
0 0 0 0 0 0 0 0 
0 0 0 0 0 0 0 0 
0 0 0 0 0 0 0 0 
0 0.884277 0 0 0 0 4.38672 0 
0 0.157227 0 0 0 0 15.9453 0 
0 0 0 0 0 0 10.4688 0 
0 0 0 0 0 0 0 0 
0 0 0 0 0 0 0 0 
0 0 7.13672 0 0 0 0 0 
0 0 13.2031 0 0 0 1.40723 0 
0 0 10.0078 0 0 0 8.96094 0 
0 0 0.734375 0 1.20801 0 16.7344 0 
0 0 0 0 1.60254 0 22.9844 0 
0 0.21167 0 0 4.69531 0.733887 20.2031 0 
0 3.61328 0 3.5625 8.44531 0 9.94531 0 
0 2.63477 0 15.2031 4.84766 0 0 0 
0 3.11523 0 16.6562 0 0 0 0 
0 4.5 0 12.8906 0 0 0 0 
0 2.50586 0.0806885 13.0391 0 0 0 0 
0 0 3.97852 10.5391 0 0 0 0 
0 0 0 4.27734 0 0 0 0 
0 0 0 0 0 0 0 0 
0 0 0 0 0 0 0 0 
0 18.8906 0 0 0 0 0 0 
0 32.1562 0 0 0 0 0 0 
0 34.4375 0 0 0 0 0 0 
0 31.0156 0 0 0 0 0 0 
0 26.1875 0 8.26562 0 0 0 0 
0 21.9375 0 8.17188 0 0 0 0.348389 
0 4.13672 0 0.0525513 0 0 5.84766 5.96484 
0 3.84375 0 2.49805 0 0 7.78906 4.93359 
0 3.19336 0 2.52539 0 0 6.23828 1.06738 
0.187622 0.463867 0 2.45508 0 0 3.87305 0 
0 0 0 4.28906 0 1.50293 2.98438 0 
0.518066 0 7.58203 0.620117 0 0 0 0 
0 0 9.52344 0 0 0 0 0 
0 0 7.61328 0 0 0 1.46582 0 
0 0 7.01953 0 0 0 8.46875 0 
0 0 0 0 0 0 9.57812 0 
0 0 0 0 0 3.1582 6.46094 0 
0 0 2.4375 0 0 1.48926 1.87891 0 
0 0 1.4873 0 0 0 1.19238 0 
0.588867 0 0 0 0 0 0 0 
0 0 0 0 0 0 0 0 
0 0.839844 0 0 0 0 1.13867 0 
0 7.58203 0 0 0 0 9.125 0 
0 7.13281 0 0 0 0 19.9219 3.19727 
0 0.369873 0 0 0 0 19.5156 1.96777 
0 0 0 0 0 0 3.86719 0 
0 0 0 0 0 0 0 0 
0 0 3.91602 0 0 0 0 0 
0 0 7.76562 0 0 0 0 0 
0 0 1.4668 0 0 0 0 0 
0 0 0 0 0 0 3.5 0 
0 0 0 0 0 0 10.3906 0 
0 0 0 1.8457 0.387695 0 11.2344 0 
0 0 0 7.80469 3.61328 0 4.66406 0 
0 0 0 14.3594 0.363037 0 0 0 
0 0 0 14.2891 0 0 0 0 
0 0 0.65918 6.86328 0 0 0 0 
0 0.612305 3.42383 8.61719 0 0 0 0 
0 0.562988 10.9531 15.1484 0 0 0 0 
0 0 8.69531 9.83594 0 0 0 0 
0 2.20508 2.63281 0 0 0 0 0 
0 16.2812 2.14844 0 0 0 0 0 
4.55859 30.9688 1.44238 0 0 0 0 0 
0 32.3125 0 0 0 0 0 0 
0 24.8906 0 0 0 0 0 0 
0 20.0781 0 6.42969 0 0 0 0 
0 16.8438 0 10.3281 0 0 0 1.5 
0 13.1562 0 8.85938 0 0 0 6.46484 
0 1.47754 0 3.38086 0 0 2.96875 5.65234 
0 0 0 8.11719 0 0 2.67969 3.48242 
2.2793 0 0 6.3125 0 0 1.1875 0 
5.41797 0 0 3.75195 0 0 0.870117 0 
2.20117 0 0 2.51172 0 2.37109 2.10547 0 
0.297852 1.23535 8.25 0 0 0 0 0 
0 0.310547 12.6484 0 0 0 0 0 
0 0 15.7891 0 0 0 0 0 
0 0 16.0938 0 0 0 1.94336 0 
0 0 5.58594 0 0 0 4.01953 0 
0 0 6.54688 0 0 2.25781 1.26758 0 
0 0 12.2031 0 5.15234 0 0 0 
0 0 6.96094 0 6.15625 3.35742 0 0 
0 0 0 0 0 3.3457 1.92188 0 
0 0 0 0 0 0 3.4707 0 
0 3.16992 0 0 0 0 7.8125 0 
0 7.35547 0 0 0 0 16.1875 0 
0 5.05469 0 0 0 0 25.3125 1.49316 
0 0 0 0 0 0 25.8125 4.75781 
0 0 0 0 0 0 14.8438 0 
0 0 0.645508 0 0 0 7.89844 0 
0 0 9.92969 0 0 0 6.60547 0 
0 0 11.3438 0 0 0 6.19141 0 
0 0 2.53125 0 0 0 4.55859 0 
0 0 0 0 0 0 2.82422 0 
0 0 0 2.51758 0 0 3.62305 0 
0 0 0 0 0 0 2.70117 0 
0 0 0 0 0 0 0 0 
0 0 0 0 0 0 0 0 
0 0 0 0 0 0 0 0 
0 0 2.97266 0 0 0 0 0 
0 0 7.44141 0 0 0 0 0 
0 0 17.0156 0 0 0 0 0 
0 1.72461 18.4844 0 0 0 0 0 
0 9.35156 12.5781 0 0 0 0 0 
0 21.8906 7.83203 0 0 0 0 0 
7.46094 28.9375 1.57617 3.29688 0 0 0 0 
1.91797 21.4531 0 2.72266 0 0 0 0 
0 11.7734 0 0.108582 0 0 0 0 
0 8.01562 0 7.16406 0 0 0 0 
0 6.15234 0 5.90234 0 0 0 1.94043 
0 4.34766 0 0.241699 0 0 0 3.56641 
0 5.84375 0 6.24609 0 0 1.32617 5.97266 
3 2.99609 0 11.0156 0 0 0 4.24219 
9.75781 0.52832 0 8.72656 0 0 0 2.01367 
9.64844 0.399658 0 2.40039 0 0 0 0 
2.55078 3.07422 0.12854 0 0 0 0.757812 0 
0 7.25391 6.55078 0 0 0 0 0 
0 5.55078 11.0234 0 0 0 0 0 
0 1.18066 11.9141 0 0 0 1.10645 0 
0 0 9.21875 0 0 0 3.19922 0 
0 0 2.91797 0 0 0 6.25391 0 
0 0 7.88672 0 0.443359 0 2.4375 0 
0 0 13.7422 0 2.00977 0 0 0 
0 0 5.34766 0 4.39453 0 0 0 
0 0 0 0 0 4.67188 1.12793 0 
0 0 0 0 0 0.384033 1.30469 0 
0 0 0 0 0 0 5.17188 0 
0.785156 1.86816 0 0 0 0 13.7188 0 
3.39648 0.513184 0 0 0 0 21.6406 0 
5.50391 0 0 0 0 0 19.1719 4.56641 
3.4707 0 0 0 0 0 10.5781 3.27344 
2.34961 0 5.30078 0.297852 0 0 9.17188 2.2793 
0 0 12.7656 1.55176 0 0 11.1328 2.94922 
0 5.75781 12.0391 3.75781 0 0 10.7188 7.75 
2.625 6.32031 1.20996 5.50391 0 0 7.67969 9.03125 
6.05078 4.16406 0 7.20703 0 0 4.66406 9.26562 
4.41797 4.43359 0 0 0 0 2.18555 6.69922 
0.486572 5.15625 0 0 0 0 0 2.32422 
0 4.81641 0 0 0 0 0 0 
0 1.83887 0 0 0 0 0 0 
0 1.53223 0 0 0 0 0 0 
0 2.89258 0 0 0 0 0 0 
0 1.79883 7.42578 0 0 0 0 0 
0 0 17.4219 0 0 0 0 0 
0 0 17.4219 0 0 0 0 0 
0 1.92773 10.1094 0 0 0 0 0 
0 7.16406 6.79688 7.58594 0 0 0 0 
6.60547 9.69531 0.874512 9.21875 0 0 1.86816 0 
3.07031 4.19531 0 5.19531 0 0 0.677246 0 
3.13672 0.280762 0 0 0 0 0 0 
2.86133 1.50195 0 2.82617 0 0 0 0 
0 2.58984 0 0 0 0 0 0 
0 2.05078 0 0 0 0 0 1.93652 
1.92578 6.6875 0 8.03906 0 0 0 6.61328 
8.22656 5.52734 0 11.5078 0 0 0 5.91797 
11.8203 4.85156 0 8.61719 0 0 0 4.53125 
9.39062 6.15625 0 0.129639 0 0 0 0 
0 8.91406 0 0 0 0 0 0 
0 11.0703 0.135376 0 0 0 0 0 
0 8.1875 2.50781 0 0 0 0 0 
0 0.898926 2.0625 0 0 0 0 3.39648 
0 0 1.1377 0 0 0 0 0.739258 
0 0 0.0122375 0 0 0 4.79297 0 
0 0 8.58594 0 0 0 4.57031 0 
0 0 19.5156 0 0 0 0 0 
0 0 12.1953 0 0 0 3.96094 0 
0 0 0 2.74219 0 0 4.64453 0 
0 0 0 0 0 0 0.811523 0 
0 0 0 0 0 0 0.129639 0 
2.63281 0 0 0 0 0 5.78125 0 
7.32031 0 0 0 0 0 10.8516 0 
4.49609 0 0 0 0 0 9.03125 0 
0 0 0 0 0 0 2.49609 3.75977 
0 0 0 4.15234 0 0 6.10938 4.41016 
0 0 3.23242 6.10156 0 0.390869 11.5 5.52734 
0 6.34375 3.32812 8.01562 0 1.35156 10.3359 8.375 
4.25 7.61328 0 8.45312 0 2.11328 5.03906 10.6328 
8.99219 6.82031 0 6.78516 0 3.20508 1.29395 11.5625 
5.05469 7.10547 0 0 0 1.43457 0 7.91406 
0.187622 7.65625 0 0 0 0.974609 0 2.77734 
0 6.27734 0 0 0 4.95703 0 0 
0 3.04492 0 0 0 14.1719 0 0 
0 1.59668 0 0 0 17.9531 0 0 
0 2.04102 0 0 0 16.3438 0 0 
0 2.1543 0 0 0 18.0781 0 0 
0 1.9873 4.44531 0 0 14.5469 0 0 
0.659668 1.18066 7.31641 0 0 3.19531 0 0 
2.66016 1.38379 5.31641 0.381836 0 0 0 0 
1.43066 2.13477 7.71875 10.1641 0 0 0 0 
6.79688 0.251221 4.92188 7.28906 0 0 0 0 
6.62891 0 0 3.19727 0 0 0 0 
5.35156 0 0 0 0 0 0 0 
3.09375 0 0 0.437744 0 0 0 0 
0 1.02246 0 0 0 0 0 0 
0 1.64551 0 0 0 0 0 3.81055 
2.91992 4.375 0 6.65625 0 0 0 9.14062 
8.54688 5.28906 0 9.82031 0 0 0 7.94922 
9.72656 6.16016 0 6.6875 0 0 0 4.76172 
6.75781 7.66797 0 0 0 0 0 0 
0 9.39062 0 0 0 0 0 0 
0 10.375 0 0 0 0 0 0 
0 8.45312 0 0 0 0 0 0.641602 
0 3.07422 0 0 0 0 0 4.77344 
0 0 0 0 0 0 0 0.264648 
0 0 0 0 0 0 0.0491943 0 
0 0 2.48633 0.101562 0 0.706543 1.97559 0 
0 0 17.9844 0 0 0 0 0 
0 0 20.5 0 0 0 0.833008 0 
0 0 8.77344 0.794922 0 0 1.62695 0 
0 0 0 0 0 0 0 0 
0 0 0 0 0 0 0 0 
0 0 0 0 6.02734 0 3.01758 0 
2.02734 0 0 0 7.20312 0 8.24219 0 
0 0 0 0 0 0 8.20312 0 
0 0 0 0 0 0 4.55078 0.243652 
0 0 0 3.24023 0 0 7.43359 0.823242 
0 0 0 4.64062 0 0 11.6172 2.49219 
0 2.41211 0 2.51172 0 0 10.0312 7.77734 
0 5.66797 0 0.213623 0 1.16699 4.55859 9.84375 
2.92383 7.50391 0 1.09668 0 5.29688 0.467773 9.45312 
1.93359 9.86719 0 0 0 3.59961 0 4.37891 
0 9.75781 0 0 0 3.17188 0 0 
0 5.89062 0 0 0 6.07422 0 0 
0 1.71973 0 0 0 13.4141 0 0 
0 0.360107 0 0 0 16.6094 0 0 
0 0.260986 0 0 0 12.7812 0 0 
0 0 0 0 0 12.4922 0 0 
0 0 0 0 0 13.7031 0 0 
5.22656 0 3.07812 0 0 7.38672 0 0 
5.24609 0 4.19531 1.35547 0 0 0 0 
1.03711 0.335205 8.03125 6.67188 0 0 0 0 
2.375 0 8.6875 2.9668 0 0 0 0 
1.08398 0 4.35156 1.69922 0 0 0 0 
0 0 0 0 0 0 0 0 
0 0 0 0 0 2.2168 0 0 
0 0 0 0 0 3.33203 0 0 
0 0.577637 0 0 0.683594 1.09082 0 2.83984 
3.19922 6.38281 0 7.74219 0 0 0 13.0547 
8.375 7.95312 0 11.2344 0 0 0 8.91406 
10.1406 7.98438 0 9.875 0 0 0 4.1875 
9.54688 7.86719 0 3.89844 0 0 0 0 
2.96875 8.60938 0 0.423828 0 0 0.478516 0 
0 9.29688 0 0 0 0 0 0 
0 9.09375 0 0 0 0 0 3.82812 
0 7.51172 0 0 0 0 0 7.28906 
0 7.50391 0 0 0 0 0 2.63477 
0 5.16406 0 0 0 0 0 0 
0 1.42285 0 0 0 0 0.634277 0 
0 0 1.37793 0 0 0 0 0 
0 0 7.76953 0 0 0 0 0 
0 0 9.71094 0 0 0 0 0 
0 0 0 0 0 0 0 0 
0 0 0 0 0 0 0 0 
0 0 0 0 0.62207 0 0 0 
0 0 3.37695 0 9.60156 0 2.3457 0 
0 0 3.94727 0 1.83105 0 3.27148 0 
0 0 2.82227 0 0 0 1.84766 0 
0 0 2 0 0 0 4.33203 0 
0 0 0 0 0 0 7.25781 0 
0 3.33203 0 0 0 0 6.06641 0 
0 7.44531 0 0 0.153442 1.8877 1.93262 0.16687 
0 9.42188 1.15527 0 0 6.52734 0 1.87012 
0 11.2188 0.217529 0 0 4.4375 0 0 
0 9.75781 0 0 0 0 0 0 
0 4.90625 0 0 0 0 0 0 
0 1.60645 0 0 0 0 0 0 
0 0.884277 0 0 0 0 0 0 
0 0.0138321 0 0 0 0 0 0 
0 0 0 0 0 0 0 0 
0.0539551 0 0 0 0 0 0 0 
3.99414 0 0 0 0 0 0 0 
3.22266 0 3.63867 0 0 0 0 0 
0 0 7.24219 0.332764 0 0 0 0 
0 0 9.28906 0 0 2.56055 0 0 
0 0 7.10547 0 0 3.76562 0 0 
0 0 1.56543 0 0 2.32031 0 0 
0 0 4.54688 0 0 5.25 0 0 
0 0 2.10938 0 0 2.54688 0 0 
0.753906 0 0 0 0 0 0 0 
3.45898 7.16016 0 9.91406 0 0 0 12.8984 
9.07031 9.15625 0.176514 12.5156 0 0 0 8.35156 
12.4453 8.78125 0 11.1719 0 0 0 5.78516 
13.1016 6.76953 0 7.03125 0 0 0 0 
9.84375 7.03125 0 4.03906 0 0 0.0223541 0 
6.48438 8.75 0 1.21582 0 0 0 0.550781 
2.83008 9.72656 0 0 0 0 0 7.57422 
0 8.96094 0 0 0 0 0 10.0625 
0 8.96094 0 0 0.967285 0 0 5.20312 
0 6.95703 0 0 0.646973 0 0 0 
0 5.35156 0 0.809082 0 0 0.505371 0 
0 0 0 0 0 0 0 0 
0 0 0 0 0 0 0 0 
0 0 0 0 0 0 0 0 
0 0 0 0 0 0 0 0 
0 0 0 0 0 0 0 0 
0 0 0 0 0 0 0 0 
0 0 5.37109 0 3.42383 0 0.682617 0 
0 0 7.78906 0 2.76172 0 1.95996 0 
0 0 5.75391 0 0 0 2.85547 0 
0 0 1.80176 0 0.955078 0 4.74219 0 
0 0 0 0 2.41602 0 4.74219 0 
0 0 0 0 4.80078 0 1.94922 0 
0 3.05469 0 0 4.75 0 0 0 
0 6.17969 1.84277 0 2.80469 3.57617 0 0.299561 
0 7.78516 0 0 0.0733032 0 0 0 
0 6.39844 0 0 0 0 0 0 
0 2.71875 0 0 0 0 0 0 
0 1.00781 0 0 0 0 0 0 
0 0.0682373 0 0 0 0 0 0 
0 0 0 0 0 0 0 0 
0 0 0 0 0 0 0 0 
0 0 0 0 0 0 0 0 
0 0 0 0 0 0 0 0 
0 0 1.53125 0 0 0 0 0 
0 0 4.26953 0 0 2.29688 0 0 
0 0 7.32422 0 0 5.67578 0 0 
0 0 7.92578 0 0 5.42969 0 0 
0 0 4.84766 0 0 1.66797 0 0 
0 0 6.39453 0 0 2.40234 0 0 
0 0 2.82422 0 0 0 0 0 
0 0 0 0 0 0 0 0 
2.52344 5.23047 0 13.8984 0 0 0 11.8906 
6.77734 7.03906 0.970215 13.9609 0 0 0 7.39062 
9.91406 6.23828 1.86719 11.8438 0 0 0 4.64844 
11.6719 4.41406 0.621582 7.96094 0 0 0 0 
10.8516 4.59375 0 6.12891 0 0 0 0 
9.24219 6.53906 0 2.56836 0 0 0 2.4668 
3.99023 7.69531 0 0 0 0 0 8.16406 
0 7.41406 0 0 0.412354 0 0 9.14844 
0 6.53906 0 0.570801 1.5166 0 0 3.02539 
0 3.25781 0 6.01953 0 0 0 0 
0 4.98047 0 3.6543 0 0 0 0 
0 2.21484 0 0 0 0 0 0 
0 0 0 0 0 0 0 0 
0 0 0 0 0 0 1.06348 1.4375 
0 0 0 0 0 0 0 0 
0 0 0 0 0 0 0 0 
0 0 0 0 0 0 0 0 
0 0 1.41211 0 0 0 3.80273 0 
0 0 5.24609 0 0 0 5.26172 0 
0 0 0.922363 0 0 0 6.16406 0 
0 0 0 0 0 0 7.41406 0 
0 0 0 0 2.41602 0 4.82812 0 
0 0 0 0 5.92188 0 0.129639 0 
0 0 0 0 5.96875 0 0 0 
0 2.99023 0 0 2.92773 0 0 0 
0 4.5625 0 0 0 0 0 0 
0 3.71289 0 0 0 0 0 0 
0 1.41309 0 0 0 0 0 0 
0 0 0 0 0 0 0 0 
0 0 0 0 0 0 0 0 
0 0 0 0 0 0 0 0 
0 0 0 0 0 0 1.31543 0 
0 0 0 0 0 0 5.36719 0 
0 0 0 0 0 0 5.32422 0 
0 0 3.2832 0 0 0 0.752441 0 
0 0 6.89453 0 0 3.67969 0 0 
0 0 8.96875 0 0 4.79297 0 0 
0 0 8.98438 0 0 1.0293 0 0 
0 0 4.89453 0 0 0 0 0 
0 0 2.78711 0 0 0 0 0 
0 0 0 0 0 0 0 0 
0 0.414307 0 0 0 0 0 0 
0.423584 5.12109 0 12.9844 0 0 0 10.0859 
1.95703 5.73438 0 9.55469 0 0 0 6.12109 
4.44531 4.24219 0 6.29297 0 0 0 2.35156 
5.45703 2.17969 0 2.89062 0 0 0 0 
7.78125 2.29297 0 1.28516 0 0 0 0 
8.02344 3.54883 0 0 0 0 0 2.66992 
4.46875 5.26953 0 0 0 0 0 7.49219 
0.17981 5.40234 0 0 0 0 0 7.49219 
2.76758 2.88281 0 4.00391 0 0 0 2.57617 
4.99219 0 0 12.9531 0 0 0 0 
0 1.01758 0 6.92578 0 0 0 0 
0 6.30469 0 0 0 0 0 0 
0 6.1875 0 0 0 0 0 0 
0 0 0 0 0 0.239746 0.902344 7.80078 
0 0 0 0 0 0 0 4.24609 
0 0 0 0 0 0 0 0 
0 0 0 0 0 0 0.494629 0 
0 0 0 0 0 0 5.55078 0 
0 0 2.99023 0 0 0 6.05078 0 
0 0 0 0 0 0 5.875 0.327393 
0 0 0 0 1.0166 0 4.96875 1.2627 
0 0 0 0 2.75586 0 0.98291 0 
0 0 0 0 6.26562 0 0 0 
0 0 0 0 6.66016 0 0 0 
0 0 0 0 3.47461 0 0 0 
0 1.28516 0 0 0 0.246582 0 0 
0 0 0 0 0 0 0 0 
0 0 0 0 0 0 0 0 
0 0 0 0 0 0 0 0 
0 0 0 0 0 0 2.15234 0 
0 0 0 0 0 0 3.6875 0 
0 0 0 0 0 0 4.98828 0 
0 0 0 0 0 0 6.87109 0 
0 0 2.42188 0 0 0 5.21875 0 
0 0 6.25 0 0 0 0.693359 0 
0 0 8.17969 0 0 1.38672 0 0 
0 0 7.51953 0 0 0 0 0 
0 0 4.07422 0 0 0 0 0 
0 0 0 0 1.30078 0 0 0 
0 0 0 0 0.819336 0 0 0 
0 0 0 0 0 0 0 0 
0 0.414307 0 0 0 0 0 3.38281 
0.344971 4.78906 0 9.15625 0 0 0 6.67188 
0.329102 4.20312 0 2.57422 0 0 0 3.96094 
1.42285 2.68945 0 0 0 0 0 0 
1.03711 0.557617 0 0 0 0 0 0 
2.96875 0 0 0 0 0 0 0 
3.18359 0 0 0 0 0 0 3.99609 
2.60938 0.770508 0 0 0 0 0 6.35156 
0.887695 0.567871 0 0.626953 0 0 0 4.91797 
3.01562 0 0 2.94531 0.171997 0 0 1.63281 
7.26562 0 0 10.4844 0 0 0 0 
6.00781 0 0 6.9375 0 0 0 0 
0 0 0 0 0 0 0 0 
0 1.51758 0 0 0 0 0 0 
0 3.04492 0 0 0 0 1.99707 9.57031 
0 0 0 0 0 0 0 13.1797 
0 0 0 0 0 0 0 1.41699 
0 0 0 0 0 0 0 0 
0 0 0 0 0 0 0 0 
0 0 0 0 0 0 1.36914 0 
0 0 0 0 0 0 2.76953 3.02148 
0 0 0 0 0 0 2.42773 7.47656 
0 0 0 0 0 0 0 5.34375 
0 0 0 0 0 0 0 1.05371 
0 0 0 0 0 0 0 2.6875 
0 0 0 0 0 0 0 0 
0 0 0 0 0 0 0 0 
0 0 0 0 0 0 0 0 
0 0 0 0 0 0 0 0 
0 0 0 0 0 0 0 0 
0 0 0 0 0 0 0 0 
0 0 0 0 0 0 0 0 
0 0 0 0 0 0 0 0 
0 0 0 0 0 0 0 0 
0 0 0 0 0 0 0 0 
0 0 2.82812 0 0 0 0 0 
0 0 5.10547 0 0 0 0 0 
0 0 3.64258 0 0 0 0 0 
0 0 0 0 0 0 0 0 
0 0 0 0 0 0 0 0 
0 0 0 0 0 0 0 0 
0 0.310547 0 0 0 0 0 1.08105 
0 0 0 0 0 0 0 5.98047 
